MutationType	PD42590b	PD42591b	PD42596b	PD42673b	PD42882b	PD42884b	PD42885b	PD42886b	PD42887b	PD42890b	PD42891b	PD42893b	PD42894b	PD42895b	PD42897b	PD42898b	PD42899b	PD42902b	PD42903b	PD42904b	PD42905b	PD42906b	PD46710b	PD46714b	PD46721b	PD46724b	PD46738b	PD46743b	PD46744b	PD46748b	PD46750b	PD46766b	PD46769b	PD46770b	PD46772b	PD46773b	PD46774b	PD46775b	PD46777b	PD46798b	PD46799b	PD46800b	PD46819b	PD46820b	PD46834b	PD46835b	PD46836b	PD46838b	PD46839b	PD46841b	PD46842b	PD46857b	PD46858b	PD46859b	PD46860b	PD46861b	PD46866b	PD46868b	PD46869b	PD46870b	PD46871b	PD46872b	PD46873b	PD46875b	PD46877b	PD46878b	PD46882b	PD46885b	PD46886b	PD46887b	PD46888b	PD46889b	PD46891b	PD46892b	PD46903b	PD46904b	PD46911b	PD46912b	PD46914b	PD46920b	PD46922b	PD46925b	PD46929b	PD46930b	PD46934b	PD46935b	PD46937b	PD46938b	PD46941b	PD46948b	PD46952b	PD46953b	PD46955b	PD46957b	PD46958b	PD46959b	PD46960b	PD46961b	PD46962b	PD46963b	PD46964b	PD47586b	PD47590b	PD47592b	PD47593b	PD47596b	PD48851b	PD48852b	PD48855b	PD48859b	PD48864b	PD48865b	PD48866b	PD48867b	PD48868b	PD48869b	PD48871b	PD48872b	PD48873b	PD48875b	PD48882b	PD48886b	PD48898b	PD48902b	PD48942b	PD48943b	PD50083b	PD50084b	PD50085b	PD50135b	PD50137b	PD50140b	PD50147b	PD50153b	PD50154b	PD50160b	PD50161b	PD50163b	PD50164b	PD50165b	PD50166b	PD50167b	PD50168b	PD50171b	PD50187b	PD50188b	PD50196b	PD50201b	PD50415b2	PD50423b	PD50425b2	PD50440b2	PD50441b2	PD50444b2	PD50458b	PD50610b	PD50612b	PD50619b	PD50620b	PD50621b	PD50622b	PD50625b	PD50627b	PD50629b	PD50630b	PD50632b	PD50634b	PD50637b	PD50641b	PD51184b	PD51185b	PD51187b	PD51191b	PD51192b	PD51193b	PD51213b	PD51215b	PD51218b	PD51219b	PD51224b	PD51225b	PD51227b	PD51239b	PD51254b	PD51255b	PD51256b	PD51260b	PD51262b	PD51264b	PD51265b	PD51266b	PD51267b	PD51269b	PD51271b	PD51273b	PD51274b	PD51276b	PD51285b	PD51290b	PD51293b	PD51303b	PD51385b	PD51389b	PD51390b	PD51416b	PD51427b	PD51428b	PD51637b	PD51638b	PD51639b	PD51640b	PD51642b	PD51643b	PD51644b	PD51646b	PD51651b	PD51652b	PD51654b	PD51658b	PD51661b	PD51667b	PD51682b	PD51695b	PD51697b	PD51702b	PD51705b	PD51706b	PD51714b	PD51716b	PD51717b	PD51718b	PD51720b	PD51721b	PD51723b	PD51737b	PD51742b	PD51768b	PD51806b	PD51815b	PD51816b	PD51817b	PD51820b	PD51823b	PD55504c	PD55505c	PD55506c	PD55508c	PD55509c	PD55510c	PD55511c	PD55512c	PD55513c	PD55515c	PD55516c	PD55517c	PD55518c	PD55519c	PD55520c	PD55521c	PD55522c	PD55524c	PD55526c	PD55527c	PD55528c	PD55529c	PD55530c	PD55531c	PD55533c	PD55534c	PD55535c	PD55536c	PD55538c
A[C>A]A	32	24	17	33	48	40	34	29	52	24	29	27	40	34	50	17	32	33	39	28	42	38	35	22	22	21	54	20	24	21	31	38	17	29	7	39	29	50	52	38	17	22	16	21	30	21	26	31	19	14	19	59	23	36	50	13	48	37	36	27	45	30	17	32	12	28	43	34	26	38	19	18	25	39	44	12	25	32	14	17	27	29	40	27	17	31	17	37	25	46	36	32	32	16	31	42	41	51	32	46	48	36	21	46	17	53	50	31	27	29	23	41	22	23	16	29	12	37	19	27	55	18	51	38	17	59	27	33	6	43	23	39	53	59	19	36	37	33	36	26	20	44	40	36	26	29	27	33	52	24	46	29	21	50	21	38	34	39	48	32	37	32	37	17	50	40	19	29	29	37	25	27	32	33	26	69	34	35	29	43	34	23	34	22	50	24	25	17	48	18	30	42	22	34	21	64	34	18	14	32	26	43	30	33	27	26	21	39	40	33	33	40	29	50	24	28	33	37	21	43	41	35	43	51	65	34	32	45	39	37	20	26	62	50	35	47	22	40	33	20	38	27	33	20	46	19	26	46	36	42	39	43	38	36	34	47	19	27	27	32	30	17	31	29	19	35	44	30	24	39	31	32
A[C>A]C	7	16	7	16	14	23	14	23	33	14	24	9	27	8	5	17	19	4	4	3	26	18	11	13	2	18	4	13	17	10	10	24	17	13	2	9	21	25	10	24	7	22	13	3	8	11	7	8	6	17	17	11	17	21	22	15	25	23	15	12	27	13	3	9	13	8	14	9	5	14	8	21	13	6	23	12	5	8	7	23	18	9	13	13	22	21	12	22	15	9	10	12	26	21	18	22	11	30	5	27	18	7	14	15	15	9	22	8	11	14	6	25	8	21	7	12	10	6	12	17	28	14	17	12	31	24	10	8	6	10	2	16	21	18	8	13	14	9	14	14	9	12	21	14	8	6	15	4	23	6	27	6	8	8	18	6	9	10	22	12	27	10	23	17	22	21	6	21	11	23	10	17	25	13	10	28	17	10	16	16	11	9	19	10	12	17	20	15	20	15	17	19	13	22	3	13	4	5	5	4	9	10	5	21	14	14	9	19	24	8	17	19	21	11	11	7	14	27	6	13	12	23	25	6	45	16	23	17	14	8	13	16	27	30	14	17	19	21	16	9	26	18	18	11	7	10	22	19	10	15	11	25	13	9	14	16	5	23	22	18	7	13	25	12	10	11	25	11	9	26	16	19
A[C>A]G	0	2	2	2	5	2	4	7	2	9	13	7	7	0	0	2	2	2	2	2	0	5	7	13	6	3	4	7	7	0	3	2	0	3	2	0	8	5	5	0	2	2	2	0	1	0	0	0	0	2	10	9	2	6	11	2	18	2	3	2	10	8	3	0	0	6	2	7	0	2	0	0	8	2	8	0	2	0	0	0	1	2	6	2	12	2	0	5	0	7	3	2	5	2	0	2	7	2	7	0	8	0	8	10	2	0	5	6	0	2	2	7	10	6	5	2	2	0	5	2	5	9	0	7	14	8	0	4	0	5	0	2	0	8	2	6	1	6	2	6	7	10	2	7	8	9	0	7	5	2	2	10	2	5	5	5	11	3	7	9	7	0	2	7	2	0	8	6	0	3	4	0	0	5	0	8	2	2	0	6	4	2	1	2	7	2	5	0	8	0	4	2	5	8	2	2	7	0	2	2	0	2	0	2	6	0	1	6	0	6	4	8	11	5	1	2	5	8	5	7	4	0	9	0	8	4	5	5	1	5	4	2	6	8	6	7	1	13	5	2	5	0	8	0	7	2	0	9	6	8	0	4	2	4	2	0	7	4	2	2	0	0	0	4	3	11	8	2	0	11	2	6
A[C>A]T	8	25	3	12	20	6	8	23	27	20	27	18	16	6	18	12	15	31	22	7	17	17	13	14	12	13	17	13	33	16	14	22	21	16	7	18	8	12	25	14	8	5	16	15	13	21	10	13	11	17	19	15	12	19	35	7	23	5	9	4	23	19	14	9	10	18	23	9	14	13	23	12	8	19	25	17	17	13	12	19	26	13	19	7	17	26	6	29	10	14	8	25	28	12	16	18	16	35	12	19	17	7	14	14	8	34	36	17	7	11	12	13	14	12	13	17	6	31	22	21	40	18	26	22	17	34	14	15	11	15	13	13	21	12	8	15	19	15	22	12	12	29	13	16	6	15	22	22	19	3	12	13	10	18	15	13	14	21	22	18	20	8	12	27	18	10	25	27	12	8	19	10	15	16	14	24	20	8	13	26	18	14	13	8	16	17	17	11	20	15	19	19	5	24	21	19	15	17	5	13	13	29	16	19	11	12	10	11	25	7	11	17	14	16	12	10	9	33	11	14	14	12	22	25	26	11	18	28	23	21	18	16	29	20	19	21	13	37	24	9	18	13	18	12	14	10	26	21	7	17	16	28	11	15	20	18	7	27	14	8	9	13	25	8	7	5	19	16	11	15	16	22
C[C>A]A	32	14	10	16	31	19	46	36	48	30	40	47	42	25	42	48	27	38	46	23	28	42	30	33	41	13	54	29	37	42	19	33	21	31	7	50	29	43	27	30	22	24	18	7	21	42	31	24	40	31	25	29	25	30	41	28	39	21	27	22	37	19	20	32	30	8	28	18	14	21	17	32	31	27	53	10	33	13	17	30	43	29	34	31	19	31	15	37	20	32	36	37	49	32	22	34	21	48	20	35	65	17	33	36	28	39	47	34	22	29	19	23	42	21	21	40	25	66	32	33	54	27	40	17	31	28	23	25	3	26	10	31	39	35	12	30	27	28	47	32	14	24	36	18	26	24	29	35	48	18	46	29	21	29	36	27	34	34	55	27	54	32	35	23	54	21	21	38	36	42	35	17	46	38	18	51	44	34	29	26	35	15	34	38	48	47	32	17	38	23	11	36	24	33	21	53	35	20	9	32	30	28	25	25	21	36	24	34	40	26	29	23	27	12	17	20	32	40	29	35	22	29	23	29	42	23	48	28	39	34	23	18	43	46	33	16	12	72	35	18	42	26	30	21	35	21	22	44	28	40	40	41	26	34	26	40	19	33	24	30	18	23	51	37	21	35	42	43	36	41	14	46
C[C>A]C	7	4	10	6	19	10	13	2	13	12	24	7	42	4	13	14	15	7	15	10	20	18	4	18	14	13	17	18	15	5	9	22	17	10	14	16	21	20	15	6	10	12	16	3	8	16	17	8	4	9	4	13	8	8	15	9	21	12	9	12	21	9	11	11	10	16	10	7	2	10	13	12	18	8	19	10	17	8	5	9	9	9	11	4	22	10	10	20	8	14	16	17	25	18	4	20	12	20	10	3	29	7	14	10	13	14	27	8	2	9	4	10	10	14	9	14	6	20	12	13	22	11	14	20	26	20	21	15	2	7	13	7	12	8	21	17	16	9	16	0	11	19	9	11	8	2	5	9	16	6	10	15	0	17	23	10	23	3	22	47	15	19	23	12	10	19	21	27	2	17	7	7	10	11	8	37	14	19	16	9	4	11	16	2	25	11	12	17	10	0	17	13	7	27	12	23	9	8	2	21	15	14	9	15	3	11	9	19	13	10	10	15	10	18	9	17	5	12	8	8	12	2	14	14	29	21	2	15	18	23	9	11	33	10	12	17	10	19	3	7	20	4	5	6	14	9	13	9	22	11	17	28	13	17	18	14	5	10	11	18	16	13	8	4	5	20	6	20	4	7	12	11
C[C>A]G	7	2	0	6	5	4	0	4	13	5	0	4	0	4	5	0	7	0	4	0	9	3	4	4	5	0	12	4	7	0	0	7	13	8	0	4	0	0	10	2	0	0	0	3	0	0	0	0	0	0	4	4	4	0	9	6	4	5	6	4	8	0	3	4	0	4	5	0	0	3	4	5	0	6	4	0	5	8	0	0	7	4	0	0	0	0	0	3	0	5	5	3	0	5	4	0	4	3	7	0	5	5	0	3	3	5	5	6	13	0	4	2	6	0	4	0	4	4	0	0	5	0	3	0	5	10	0	4	0	14	0	5	5	4	0	4	0	0	9	6	0	2	6	0	6	6	0	0	3	0	0	0	0	0	3	3	6	8	0	6	0	8	9	3	0	4	0	0	0	7	7	0	2	5	2	10	2	5	0	0	3	5	1	4	4	0	0	0	4	4	11	0	4	3	0	4	0	0	0	0	2	0	0	6	0	8	0	0	4	0	3	0	0	4	0	0	9	8	11	0	4	4	5	4	3	3	0	17	3	0	3	0	12	6	0	2	0	5	5	0	4	4	13	0	7	7	4	3	7	0	6	5	0	2	10	9	3	10	11	0	2	6	3	2	5	4	2	0	7	9	0	0
C[C>A]T	22	14	3	25	8	12	15	20	35	14	27	13	33	25	26	19	29	16	18	17	20	15	9	14	18	21	37	23	24	18	15	35	0	31	9	14	13	18	10	24	5	10	12	12	16	11	24	6	23	9	12	31	15	30	22	7	16	5	18	31	41	13	14	11	17	22	23	16	5	21	23	7	8	17	30	17	18	19	5	19	16	20	23	11	12	15	10	32	18	25	23	17	25	16	12	22	16	36	10	19	29	17	4	29	17	32	44	17	20	16	10	21	24	14	13	7	10	18	17	31	37	27	26	13	45	37	10	8	8	22	13	18	36	22	12	26	32	15	27	18	14	15	19	16	6	7	12	26	25	11	4	17	15	14	14	32	20	23	22	41	22	17	16	20	26	19	21	15	16	25	22	7	30	19	4	43	29	14	6	21	15	11	19	10	16	19	29	8	22	12	20	6	16	22	16	34	19	18	16	21	25	17	20	25	7	23	15	17	25	19	24	25	14	25	13	18	24	18	12	27	22	31	25	10	29	8	14	27	29	21	27	11	27	32	23	40	13	21	21	2	18	15	28	11	14	19	17	27	19	19	26	16	13	11	10	16	5	29	22	10	12	15	17	12	5	13	27	16	16	24	16	28
G[C>A]A	29	16	10	29	29	6	24	20	29	14	43	29	29	32	16	12	19	11	22	21	33	40	11	13	29	23	25	20	35	16	24	35	8	36	0	23	42	43	27	28	27	12	13	30	37	37	0	13	11	31	19	24	6	28	30	9	32	14	15	20	23	34	8	17	22	24	36	41	21	13	21	23	20	29	28	12	31	32	14	25	22	22	30	24	36	43	31	37	17	30	13	12	35	23	12	36	32	48	20	27	29	7	23	24	22	25	50	23	31	23	15	33	22	20	14	33	16	24	32	17	23	18	26	22	33	37	18	33	8	19	19	34	18	26	12	13	44	39	23	4	14	46	21	14	20	13	12	13	40	10	33	15	17	28	8	13	31	42	58	38	27	25	23	30	58	11	31	21	11	33	13	15	46	25	18	41	34	29	18	20	18	21	20	28	14	26	15	15	48	35	24	17	14	28	19	42	21	3	16	26	15	38	25	21	38	29	25	28	34	33	27	38	25	23	16	23	24	42	23	20	29	44	32	19	36	16	18	30	35	13	18	18	38	20	27	40	16	35	33	7	27	35	28	17	25	19	15	25	32	11	37	11	26	4	22	25	16	17	28	4	23	30	25	12	23	35	38	27	24	26	19	39
G[C>A]C	10	2	2	12	6	4	7	4	27	5	19	13	20	11	13	2	12	2	11	7	0	18	4	18	6	10	17	2	9	10	12	9	4	3	0	9	13	9	7	6	8	10	7	7	8	16	12	5	0	0	12	4	6	8	19	2	9	5	3	4	21	8	3	11	7	6	12	7	14	10	6	5	5	14	6	10	12	3	5	8	1	7	8	4	9	7	0	19	8	5	0	5	16	4	8	11	9	21	5	24	12	10	10	3	8	11	25	8	9	13	4	8	16	5	9	3	10	4	2	0	12	11	14	10	17	8	10	10	0	10	2	10	12	10	4	4	7	2	13	8	9	17	9	7	8	4	7	13	14	0	4	0	4	14	9	8	14	10	17	21	10	6	7	8	6	10	2	13	4	7	6	5	15	6	2	16	5	16	5	3	1	8	9	10	14	6	9	8	10	11	17	11	13	13	7	21	9	7	3	9	4	16	11	15	3	6	4	19	15	8	11	0	14	11	12	3	2	3	14	5	11	12	22	12	15	7	13	8	8	15	14	13	17	14	12	10	3	5	10	0	16	9	15	3	11	10	15	11	12	2	9	12	2	21	10	11	3	12	14	4	2	4	3	10	9	9	8	16	4	9	7	11
G[C>A]G	0	0	8	0	0	0	0	4	0	0	0	4	0	0	5	4	2	0	0	3	0	0	0	4	6	0	0	4	4	0	0	4	0	0	0	4	5	4	10	0	0	0	3	7	3	0	0	0	4	0	0	0	4	4	0	0	12	0	0	4	0	4	0	0	0	0	0	9	0	0	0	5	0	4	4	0	0	8	5	6	0	0	0	7	0	3	0	3	0	12	0	0	7	0	0	4	4	0	0	0	3	0	4	0	0	5	5	4	0	4	6	0	6	0	0	5	0	4	5	6	3	0	11	3	0	4	4	6	0	9	0	0	7	0	4	0	7	4	5	0	9	0	0	4	0	0	0	0	4	0	6	6	0	4	3	3	9	13	10	9	5	0	5	0	0	4	0	0	0	5	1	2	2	5	0	6	0	0	2	7	0	0	4	6	4	0	3	10	4	2	4	4	5	3	0	4	4	0	0	6	6	3	4	4	0	2	9	0	3	7	3	6	3	0	9	5	3	12	0	0	0	0	5	4	3	3	0	5	0	0	0	0	3	6	6	3	0	5	0	5	4	0	0	3	14	5	0	3	4	0	3	2	4	6	4	0	0	4	3	6	0	0	0	0	3	4	0	7	0	2	7	9
G[C>A]T	8	13	2	10	12	10	15	9	23	15	13	7	9	2	3	0	19	16	22	10	4	22	22	4	12	8	21	9	7	10	10	20	17	16	9	12	21	18	20	14	5	2	3	5	7	5	10	14	4	7	10	11	2	8	11	6	27	7	15	22	25	2	3	4	5	14	14	11	5	14	17	7	15	19	19	12	15	11	9	6	13	7	17	22	3	21	12	22	12	9	8	12	19	4	4	22	14	16	15	30	14	5	21	14	2	9	19	10	4	9	15	16	0	11	20	12	8	15	22	6	20	7	6	13	12	32	10	6	5	3	6	11	21	22	8	13	16	17	14	18	20	12	8	7	2	4	7	11	7	3	15	11	4	10	14	6	11	18	17	15	27	13	16	10	18	8	21	23	11	17	7	2	21	10	8	20	20	3	10	16	7	14	14	2	11	13	22	8	14	6	20	13	18	19	9	21	4	15	2	15	8	16	2	12	4	11	6	8	18	19	11	29	16	9	9	7	14	20	14	12	16	8	14	12	29	14	5	15	25	7	4	13	19	20	14	23	3	13	16	5	18	7	10	11	14	7	13	13	26	11	26	12	15	15	12	9	5	23	11	16	4	8	17	8	7	11	32	18	5	15	12	20
T[C>A]A	12	16	10	12	15	8	17	16	25	8	16	11	16	11	13	10	15	11	15	12	9	10	11	22	5	15	50	18	15	16	10	13	17	5	7	16	8	14	5	10	5	19	12	7	8	8	10	9	11	14	15	11	17	8	26	6	18	12	9	22	23	8	8	13	3	12	14	11	7	10	8	14	15	25	19	12	25	5	19	17	12	7	19	15	19	14	10	20	10	12	18	15	12	11	4	25	12	16	5	5	29	7	6	20	12	16	20	13	2	9	13	11	12	12	5	12	2	11	5	8	20	11	17	17	26	12	10	15	6	22	11	11	14	12	15	9	13	6	22	10	11	5	21	9	8	15	17	9	18	10	6	13	6	11	17	18	14	16	19	15	15	17	12	18	20	15	17	19	11	18	10	8	15	11	10	16	14	6	8	10	18	11	15	8	14	13	6	8	12	16	13	17	9	14	14	19	6	7	9	9	15	7	7	4	6	5	7	14	10	12	20	8	22	18	5	8	12	18	8	10	14	10	12	12	12	10	14	13	12	11	11	5	19	16	10	14	4	37	13	9	15	9	5	5	9	10	11	6	17	13	23	21	23	9	14	5	5	6	11	8	9	6	14	12	14	16	19	20	5	11	16	22
T[C>A]C	13	7	8	12	8	12	13	14	19	14	3	13	9	4	16	4	17	7	20	10	9	22	4	11	5	21	25	5	22	8	10	13	13	3	5	2	11	21	15	12	10	10	5	2	4	13	5	5	9	7	8	4	6	11	22	7	14	2	3	12	12	8	8	4	8	10	16	9	9	13	17	21	8	23	13	5	17	8	10	4	12	15	4	11	5	5	4	7	17	5	18	8	19	7	4	20	11	21	12	3	23	10	10	10	10	4	22	8	7	13	4	5	10	14	7	7	10	7	2	21	15	2	20	7	9	8	12	6	2	7	6	8	12	12	10	15	14	7	14	2	7	2	11	14	0	7	10	11	21	5	8	23	2	8	14	10	17	16	19	15	7	15	14	22	22	11	23	10	9	13	9	3	15	8	10	14	3	0	5	14	7	6	9	4	21	11	11	8	4	6	11	4	7	18	16	25	4	2	10	8	8	7	7	12	10	5	3	16	16	21	11	21	14	7	8	7	8	10	5	16	8	6	23	10	23	7	11	10	13	7	9	8	19	14	6	17	12	11	16	9	11	13	3	2	12	5	17	9	16	10	14	16	13	13	12	14	7	12	11	4	4	8	8	10	3	18	11	14	11	11	16	15
T[C>A]G	2	0	2	2	5	0	0	9	6	2	8	2	0	0	8	0	2	2	0	0	7	2	2	5	5	0	17	7	7	0	2	0	4	3	2	2	0	2	2	2	5	0	2	0	0	11	0	2	6	2	2	2	0	2	0	0	2	0	12	0	0	2	0	0	2	0	7	9	0	5	6	9	3	2	2	0	2	0	2	6	4	2	0	7	0	2	6	0	2	9	3	7	2	0	0	0	0	10	0	3	2	0	0	2	2	5	5	2	7	9	0	2	6	0	2	2	2	6	2	2	0	2	0	2	7	8	2	2	6	0	0	2	0	6	0	6	0	6	0	6	0	2	8	9	2	0	0	0	1	0	2	0	0	0	0	2	3	0	7	12	2	0	0	2	2	2	2	0	2	2	1	7	4	0	2	6	5	2	3	4	1	2	1	2	7	6	0	6	6	1	7	2	0	0	0	0	0	5	0	6	0	0	0	0	1	0	1	5	1	4	0	0	0	0	0	0	5	12	0	4	1	0	5	0	2	4	0	2	1	0	7	2	4	6	2	2	0	21	2	0	0	5	0	0	0	0	2	0	4	0	0	2	8	0	0	0	0	2	2	0	2	8	3	6	2	5	4	2	2	4	2	2
T[C>A]T	24	24	7	14	12	15	20	13	35	9	27	9	31	13	18	8	29	18	18	19	9	22	17	11	8	13	54	11	11	21	14	18	4	16	9	16	19	4	15	12	10	22	10	7	3	3	12	11	11	14	23	18	12	26	26	6	28	7	3	14	29	15	6	25	12	22	7	18	14	18	4	9	15	16	23	10	7	13	12	25	9	15	17	18	10	26	8	24	10	35	21	15	37	12	2	31	14	38	20	11	22	10	12	19	17	16	44	25	18	9	13	11	24	8	13	5	12	17	10	6	23	13	20	15	40	20	14	13	11	20	17	11	20	22	25	15	27	9	23	14	16	5	25	4	6	15	15	9	25	10	17	13	2	9	21	13	20	16	41	29	25	10	12	23	28	17	12	23	12	12	13	8	30	10	22	26	19	10	11	16	15	17	20	16	12	24	31	21	18	11	15	17	5	19	17	32	10	8	0	9	9	26	16	4	11	9	18	22	12	25	13	25	24	18	12	7	17	23	11	18	16	17	22	21	41	8	14	15	37	26	20	16	32	24	21	31	12	27	21	7	15	18	13	11	18	3	18	14	12	17	26	25	19	28	26	12	16	21	22	18	14	21	20	16	19	20	27	9	11	30	9	12
A[C>G]A	19	24	10	14	22	19	10	11	31	9	16	18	33	13	26	12	22	16	20	14	28	33	22	14	20	15	4	16	33	21	15	31	8	23	2	16	13	29	22	20	25	5	13	12	18	26	7	17	17	19	15	31	10	17	19	17	44	19	18	16	31	9	3	26	15	20	28	18	28	22	17	25	15	16	21	15	23	22	16	9	18	9	13	20	22	22	19	22	20	37	16	30	14	20	12	22	14	33	17	24	22	17	23	27	22	25	30	10	20	16	17	21	18	3	18	21	10	24	17	23	34	14	26	17	24	32	21	21	6	22	11	21	36	26	8	19	16	17	23	18	16	22	8	7	14	17	24	20	19	5	25	17	17	17	21	30	26	29	24	29	22	23	21	13	22	15	12	17	20	40	23	20	25	19	20	39	22	14	18	14	27	15	15	26	30	45	15	19	30	9	17	23	20	20	14	32	28	15	10	11	30	19	18	19	17	15	24	14	27	26	19	19	21	25	17	17	23	18	27	23	24	21	19	23	41	16	13	32	29	26	18	20	30	34	23	23	15	16	22	16	16	11	20	20	23	9	17	27	13	13	23	20	15	15	18	28	12	21	27	24	12	23	17	10	16	18	25	5	18	20	38	36
A[C>G]C	7	7	3	6	5	4	4	7	13	12	3	2	7	4	8	8	10	22	2	14	7	5	4	2	9	5	17	2	13	0	2	7	8	5	2	14	5	5	10	14	2	7	2	5	3	5	10	5	8	2	4	13	6	6	6	13	4	7	3	6	14	8	6	4	0	2	7	5	2	10	13	7	8	6	15	0	8	0	2	9	7	0	2	4	3	3	2	5	2	5	10	7	7	9	4	9	7	10	5	8	11	5	4	0	5	5	17	0	4	5	0	10	8	2	7	2	6	11	5	10	10	5	11	8	9	8	2	4	5	7	4	5	18	6	2	9	7	6	7	10	2	10	4	2	4	6	0	4	8	0	8	10	0	11	6	8	3	8	14	9	15	8	2	10	14	8	6	4	9	7	7	5	11	5	2	12	10	6	6	11	11	5	6	2	9	6	5	0	2	4	9	2	7	13	5	9	7	7	5	4	8	7	5	10	9	9	1	14	13	6	6	2	13	2	8	0	5	5	5	8	5	6	3	6	12	3	2	12	14	13	3	10	7	0	2	7	3	13	6	5	0	4	0	0	5	3	4	5	6	10	3	5	9	6	8	4	9	6	6	16	11	6	6	2	3	7	6	7	5	6	2	5
A[C>G]G	0	0	3	4	2	8	4	7	8	9	0	7	2	0	0	6	2	9	0	7	0	0	0	2	6	3	4	5	7	3	2	7	4	0	0	7	3	0	0	2	0	2	0	2	1	0	0	2	0	0	2	7	6	2	9	7	5	0	3	2	6	0	0	0	2	2	0	0	2	6	0	2	0	2	13	2	0	3	2	2	5	2	0	2	5	2	0	7	5	7	0	0	2	0	0	2	5	0	2	3	6	0	6	0	0	0	2	0	2	2	2	0	2	0	2	2	2	6	5	2	2	0	0	0	9	6	2	0	0	2	0	2	0	0	0	0	0	6	2	0	0	5	2	0	0	0	5	2	4	0	0	8	0	4	6	0	3	8	2	3	2	2	2	5	6	0	2	8	2	2	1	0	8	3	2	4	7	2	2	1	1	3	0	2	2	4	2	2	2	4	4	0	5	5	7	6	4	8	0	2	6	0	2	2	7	0	0	2	0	1	6	2	5	0	0	2	2	5	5	5	0	0	5	2	11	0	2	2	7	0	1	0	4	8	2	7	1	3	5	2	0	2	0	0	2	0	2	2	9	2	0	0	0	2	0	0	0	0	2	0	0	2	6	4	0	2	4	5	4	7	2	2
A[C>G]T	5	14	8	12	15	13	15	9	19	8	16	18	25	21	5	10	17	2	18	9	22	25	24	14	12	10	33	7	24	18	5	9	13	5	7	14	11	16	7	10	12	10	7	5	16	11	5	11	6	9	8	18	10	17	26	2	16	7	6	12	23	9	6	6	8	18	19	11	2	13	17	14	3	19	9	5	7	8	10	11	18	24	19	2	3	15	6	8	10	12	18	13	11	14	6	18	7	15	15	22	20	7	6	12	17	14	17	15	13	20	13	15	8	8	11	17	10	18	19	12	18	9	9	23	19	16	14	6	5	9	10	23	14	8	10	9	9	13	7	10	18	19	13	4	12	2	10	4	15	5	2	19	8	13	17	18	9	21	14	27	25	13	5	13	30	19	19	10	5	27	12	5	23	19	10	18	12	8	10	11	13	8	16	8	12	17	9	8	18	4	9	13	13	18	14	21	7	17	3	9	13	10	11	12	7	6	13	17	9	11	14	21	11	12	13	10	11	27	15	14	12	10	11	10	26	14	13	17	21	13	20	16	20	22	8	5	3	19	17	7	15	9	10	14	16	3	7	21	10	11	12	18	11	9	12	19	10	10	16	6	4	2	11	8	3	9	25	23	15	22	5	19
C[C>G]A	10	9	3	6	6	8	6	16	23	11	11	11	4	2	3	6	12	9	11	2	7	10	9	4	8	10	12	4	7	16	2	15	8	8	2	9	21	16	10	10	7	7	7	0	6	3	12	8	4	9	4	9	8	6	9	7	11	2	12	4	14	8	6	9	5	16	9	20	2	10	6	7	13	16	6	2	5	5	3	2	11	7	4	13	5	12	8	22	5	7	8	5	21	7	2	18	16	13	7	13	12	0	12	15	5	11	13	2	4	9	2	13	8	5	9	10	4	11	7	10	7	4	6	12	21	6	4	4	0	10	4	10	16	14	2	11	19	7	11	6	7	2	11	2	4	6	2	13	12	6	8	19	8	10	8	8	6	16	19	0	12	13	9	8	8	8	4	10	11	12	7	13	13	11	16	18	8	8	8	11	10	9	8	6	4	6	8	6	2	7	4	6	11	5	3	8	4	7	0	4	13	9	0	15	7	12	1	8	9	8	20	13	17	12	7	7	6	17	8	13	4	10	8	12	17	6	9	18	17	13	10	13	16	14	6	5	4	8	10	7	13	9	0	6	16	10	9	22	7	8	12	18	17	13	6	14	2	17	9	4	4	4	8	10	3	11	19	14	9	9	14	20
C[C>G]C	2	4	0	4	11	4	10	9	6	3	3	7	7	4	5	17	15	2	2	7	4	17	2	9	2	15	4	9	15	5	5	11	4	5	2	4	0	4	12	18	3	10	7	0	8	3	5	6	4	12	12	9	6	8	11	7	11	2	3	4	2	2	0	11	7	10	3	7	5	6	0	2	5	8	11	2	7	5	3	9	16	0	6	4	5	3	2	7	10	12	10	5	16	9	10	9	9	15	10	13	9	7	2	3	7	9	11	8	11	7	4	5	2	5	9	3	2	2	7	0	12	5	6	12	9	6	6	4	3	7	0	13	12	8	8	2	9	9	7	10	9	7	13	7	2	9	2	9	8	3	8	13	10	10	5	8	9	3	5	0	12	2	9	7	4	13	8	13	9	10	10	10	19	6	8	2	7	8	5	13	11	2	6	14	4	4	11	8	10	9	20	6	4	9	9	15	12	7	12	9	6	12	2	13	11	6	4	8	6	10	10	8	11	7	8	5	3	3	3	8	11	8	6	19	9	10	7	8	21	8	6	11	9	2	12	5	3	13	8	7	7	7	10	3	5	10	11	16	12	6	12	14	8	13	4	4	0	14	16	2	11	6	14	12	3	11	4	7	11	9	2	14
C[C>G]G	0	2	0	0	3	4	4	5	4	2	5	7	4	4	0	0	12	0	0	3	0	5	4	4	3	5	4	4	0	5	0	4	0	0	0	0	5	9	10	0	0	0	0	3	3	0	0	0	0	0	0	0	4	0	2	0	5	5	0	0	4	0	0	0	3	0	3	5	0	0	0	0	0	0	4	5	0	0	0	0	7	0	4	7	0	3	4	3	0	5	0	0	4	4	4	9	0	7	0	5	8	5	4	3	0	2	3	4	0	4	0	0	6	3	5	3	4	0	0	6	3	0	0	0	5	8	0	6	0	3	4	5	4	0	0	0	3	0	0	6	0	0	0	0	0	4	0	0	3	0	6	0	0	6	0	0	0	0	5	9	0	0	5	3	4	4	0	11	0	7	6	2	0	2	0	0	2	0	6	0	0	0	1	4	0	2	3	0	4	0	4	4	9	4	3	4	4	3	0	0	0	0	4	6	0	2	0	0	3	0	0	0	0	0	1	0	0	8	0	0	3	0	0	6	8	0	5	0	4	3	0	0	4	6	0	0	3	5	0	0	9	0	0	0	0	0	0	0	3	0	2	2	2	0	4	0	5	4	2	6	0	0	3	0	0	4	2	0	0	0	7	3
C[C>G]T	2	14	5	10	15	15	6	9	21	14	8	9	18	13	8	8	17	4	13	10	15	20	9	9	6	8	4	16	9	8	3	9	8	8	0	14	19	16	7	12	7	5	2	10	16	3	7	11	21	0	10	24	2	19	13	7	20	9	9	14	17	6	6	4	7	4	12	11	5	10	6	5	3	12	17	5	7	16	7	15	16	13	11	11	9	9	0	5	5	5	8	12	11	7	12	18	4	31	10	5	12	0	6	17	5	26	38	8	16	7	10	8	6	17	2	7	8	13	15	12	20	16	6	10	12	22	4	8	3	12	4	13	18	16	2	2	9	7	20	6	9	5	6	14	8	17	7	7	12	6	17	8	2	5	11	13	9	10	22	15	7	6	7	10	18	8	12	8	11	18	12	10	6	11	16	35	10	5	6	7	13	9	16	4	9	7	11	8	14	13	15	17	0	10	9	6	19	3	7	6	4	10	7	10	21	12	12	12	13	21	19	17	16	7	8	7	6	12	3	18	10	21	6	18	35	4	13	13	18	10	10	7	16	8	8	16	4	11	6	9	11	13	3	3	21	9	7	14	16	10	11	14	17	13	12	11	2	10	11	10	5	6	11	10	3	9	23	14	11	15	2	15
G[C>G]A	3	0	0	4	17	6	14	5	17	3	27	4	7	13	5	12	12	11	7	3	13	5	17	0	8	8	8	14	11	16	0	11	0	16	0	5	0	18	12	12	5	7	0	5	8	0	7	0	4	0	6	18	6	9	0	4	18	12	6	20	4	6	0	21	10	14	9	7	21	13	4	12	13	6	9	0	8	8	5	9	11	11	13	11	3	9	6	14	5	12	5	8	12	9	4	11	9	20	7	13	12	12	10	14	8	11	16	6	11	14	10	10	18	3	5	9	4	11	7	10	10	9	0	17	7	10	10	0	3	10	6	8	9	6	4	11	3	6	23	10	9	12	9	9	6	13	7	4	8	3	12	17	4	6	5	8	6	5	5	9	12	6	0	8	6	0	4	6	4	15	4	10	10	5	16	18	14	10	8	4	4	20	3	10	14	6	12	10	12	7	6	4	5	4	10	4	12	10	5	4	9	0	5	25	9	15	12	9	15	14	9	6	3	11	15	18	9	10	8	8	14	6	8	6	20	8	20	8	3	10	9	8	12	12	12	10	12	0	10	0	5	5	8	9	11	9	6	8	4	6	9	30	9	11	16	5	5	12	22	10	14	4	6	16	5	4	11	20	20	9	12	8
G[C>G]C	2	4	3	4	6	2	6	14	17	0	3	11	7	0	11	4	10	0	7	0	0	17	2	7	14	5	8	4	2	10	2	0	4	3	0	9	11	16	2	4	0	0	8	0	6	13	2	8	2	2	10	2	2	6	11	9	14	5	0	4	2	9	0	2	7	8	3	2	2	6	2	5	5	8	6	2	2	3	2	0	7	0	8	4	5	3	2	10	12	0	0	8	9	2	4	2	7	7	0	3	12	2	10	7	2	9	9	19	4	9	4	10	6	2	4	9	10	7	15	4	18	5	9	3	7	6	0	2	2	3	2	16	9	2	4	0	7	4	4	2	9	12	4	2	2	4	2	11	14	2	8	19	0	6	8	2	6	0	5	15	5	8	2	3	8	8	0	10	4	12	10	2	11	2	8	10	2	6	5	3	3	5	9	2	4	9	3	2	8	5	9	11	7	9	0	2	6	3	7	0	9	7	2	4	6	3	10	6	6	10	6	4	10	7	7	2	8	8	0	5	10	2	11	8	17	8	13	3	7	10	3	10	7	8	4	12	0	11	6	0	16	0	3	3	5	3	6	6	10	10	5	12	8	15	8	2	5	6	9	6	5	6	11	12	3	5	6	14	5	15	5	6
G[C>G]G	0	0	0	0	3	0	0	4	4	2	0	4	4	4	0	4	10	4	4	0	0	7	0	4	3	0	0	4	0	5	3	7	0	8	0	5	0	7	2	0	0	0	0	7	0	0	5	0	6	5	0	0	4	4	0	6	0	0	0	4	0	4	3	0	3	0	12	0	0	3	0	5	0	0	8	5	5	0	5	0	4	4	4	0	7	5	4	3	0	0	5	3	0	0	0	0	4	3	5	5	5	0	0	3	0	0	3	0	0	7	4	0	0	0	0	0	6	4	0	0	3	4	0	3	0	0	10	0	0	0	0	0	0	0	0	0	10	0	0	0	4	2	0	0	0	0	10	0	4	0	0	4	4	0	3	0	0	0	0	0	0	0	0	0	4	4	0	10	5	2	3	2	0	0	0	0	0	3	2	0	3	5	0	6	0	2	0	0	0	0	9	4	0	0	5	0	3	3	0	4	0	5	5	0	3	5	4	0	0	7	4	4	0	0	1	0	0	3	5	0	4	0	5	0	3	3	4	0	3	7	0	0	13	0	4	5	0	5	3	0	0	0	0	0	0	3	0	3	3	0	5	2	4	6	0	0	0	6	5	0	4	0	0	0	0	5	2	0	0	2	0	9
G[C>G]T	7	13	2	6	8	6	8	5	21	5	3	4	13	4	3	4	7	7	7	2	2	10	11	7	8	3	12	11	9	0	9	2	13	3	5	2	11	12	0	6	2	2	3	5	4	0	5	2	6	7	4	2	2	11	11	6	2	5	9	8	6	11	6	2	7	4	10	5	0	3	8	12	8	8	2	0	8	0	5	4	8	4	4	2	3	14	2	7	5	2	5	7	4	5	6	7	5	15	10	8	3	2	4	5	7	5	17	8	0	9	4	8	0	9	5	2	4	9	5	0	15	7	3	5	9	12	6	2	2	15	2	7	11	2	6	2	6	4	2	8	9	10	8	5	8	4	5	4	10	5	6	8	4	5	5	10	3	3	7	3	10	0	5	7	14	8	0	8	0	17	1	5	4	2	2	12	5	3	8	9	6	8	3	6	4	6	5	4	14	7	9	6	5	5	5	19	10	0	5	6	6	7	5	6	6	8	6	5	6	6	0	10	5	7	7	7	6	3	5	5	7	0	5	16	18	0	5	13	10	11	6	3	9	6	4	9	3	13	6	5	5	7	13	3	9	9	2	8	14	0	11	14	6	6	14	5	5	8	6	4	5	6	0	0	7	5	13	16	0	6	21	8
T[C>G]A	10	2	2	14	2	4	8	9	10	3	8	13	11	6	5	10	12	2	11	7	11	12	4	4	9	15	17	9	7	3	3	4	8	8	2	9	11	14	10	14	2	2	3	3	6	3	0	6	6	14	6	4	0	11	19	6	7	2	6	2	10	11	6	2	3	4	7	5	0	6	6	5	8	12	4	0	15	11	5	9	11	4	11	7	5	10	6	12	10	2	16	3	7	14	0	27	2	23	7	3	17	0	8	12	3	7	3	8	11	11	0	8	8	6	2	9	2	7	7	4	12	4	14	13	5	24	4	4	3	5	6	5	9	6	2	4	9	7	4	2	5	10	8	7	4	6	12	11	7	0	15	8	0	4	11	6	11	5	7	12	12	10	2	13	28	8	8	11	2	8	10	13	21	5	10	18	5	5	5	13	11	6	9	8	11	4	9	6	12	10	7	4	5	5	5	13	3	3	3	9	2	10	9	13	11	6	4	9	9	11	6	15	8	5	9	5	11	12	5	3	8	4	9	8	20	7	4	12	17	5	3	10	13	6	8	10	3	19	8	2	7	7	10	5	4	7	6	8	10	11	20	11	15	11	12	7	5	10	13	8	9	6	14	10	0	9	8	11	4	9	9	12
T[C>G]C	10	7	0	0	3	2	4	4	6	3	3	9	7	6	5	10	12	9	7	3	2	7	0	5	2	3	25	13	4	5	2	9	4	0	0	5	5	2	5	10	2	2	8	2	4	3	0	2	2	0	17	11	8	6	9	4	2	5	12	8	2	6	0	2	2	2	7	14	2	2	6	2	13	6	2	10	13	0	0	6	7	7	8	4	0	9	2	5	2	5	0	5	4	11	6	4	4	7	5	0	11	2	6	8	3	11	8	2	9	5	2	5	6	5	4	0	0	4	7	2	8	5	9	7	2	14	6	2	0	12	2	8	5	0	2	0	4	4	5	0	5	5	4	4	8	7	10	9	7	3	4	2	2	5	3	8	3	10	5	3	10	8	2	7	16	10	8	2	4	5	6	8	10	5	4	12	8	5	6	6	4	8	5	8	4	9	5	2	2	7	4	6	5	5	0	8	4	2	2	8	6	5	4	6	7	8	3	9	6	7	7	8	8	7	3	8	5	8	2	13	4	2	5	6	15	7	5	8	8	16	4	7	17	6	2	9	4	5	5	2	5	0	3	2	4	7	9	8	10	10	3	5	6	6	6	7	2	8	6	8	9	2	0	2	7	7	4	5	9	11	0	8
T[C>G]G	2	0	0	0	0	2	0	7	0	2	3	0	0	2	0	0	5	0	0	3	0	2	0	0	2	0	0	0	2	0	5	0	0	3	0	2	3	0	0	2	0	0	0	0	1	0	0	0	0	0	0	0	0	2	0	2	5	0	0	2	0	0	3	0	2	2	0	2	0	2	0	9	3	0	0	0	0	11	0	0	1	0	0	0	7	0	2	7	0	2	0	0	2	0	2	2	0	0	0	0	6	0	2	2	0	0	0	0	0	2	0	2	0	0	2	0	0	2	2	6	5	0	3	0	2	6	2	0	0	0	0	2	0	2	0	0	1	2	0	6	2	0	0	5	6	0	5	0	4	2	2	2	0	0	0	0	0	3	7	9	2	2	0	0	2	2	0	0	2	3	3	2	0	2	0	0	5	0	6	1	0	2	0	0	0	0	2	0	0	0	2	0	2	1	2	0	1	5	2	2	0	5	0	0	1	0	0	2	1	0	6	2	0	0	1	0	2	2	2	0	0	2	5	2	2	0	2	5	1	0	4	2	0	0	2	2	0	0	5	0	5	0	0	0	2	0	6	2	0	2	2	2	2	2	2	0	2	0	2	0	2	0	3	2	0	2	4	5	2	0	5	5
T[C>G]T	19	18	3	16	11	15	14	13	17	18	5	20	20	17	32	23	22	9	15	16	17	18	11	5	22	15	21	16	24	8	14	22	13	18	9	12	26	21	12	18	7	14	16	5	14	13	17	9	8	12	12	11	23	21	32	13	21	12	15	24	21	6	8	8	5	14	19	20	2	16	6	12	8	12	25	2	17	11	2	17	22	20	17	13	5	24	4	27	13	9	13	20	16	12	6	29	12	21	12	19	22	5	8	12	18	7	27	8	18	14	15	18	18	8	7	10	8	13	10	2	37	7	6	13	21	30	14	15	8	22	11	10	30	18	12	9	19	15	18	8	12	12	28	16	14	6	5	13	22	14	23	10	4	13	17	6	6	10	31	27	25	15	19	22	18	10	14	19	7	17	13	7	27	22	14	22	24	13	10	10	17	14	20	12	23	11	20	17	16	17	17	21	18	18	3	17	10	10	3	6	8	19	12	23	10	9	7	16	25	21	19	21	19	14	15	10	12	30	11	26	19	10	15	31	41	20	14	15	21	15	16	10	29	14	10	31	20	24	14	2	18	16	20	9	21	10	15	11	14	11	19	30	11	21	14	7	12	21	17	24	14	8	17	23	16	22	15	16	18	24	12	25
A[C>T]A	56	94	25	55	49	60	66	76	90	58	80	52	98	46	55	70	112	58	81	59	83	55	91	60	61	49	103	61	61	94	41	82	80	88	18	54	85	84	54	40	63	56	33	25	64	53	55	41	45	69	31	77	67	62	58	39	61	49	67	41	81	82	22	55	32	63	73	68	71	49	56	85	28	78	89	34	46	32	49	51	54	58	64	49	43	60	27	63	62	81	52	62	62	50	51	67	58	85	84	94	62	34	39	74	40	78	105	67	63	67	71	71	60	47	64	57	47	96	71	83	92	38	57	74	92	61	66	63	15	73	44	75	98	63	40	49	67	65	65	63	75	73	57	74	43	50	41	54	82	46	81	75	57	69	57	73	43	60	60	44	72	71	82	53	90	57	58	59	86	85	70	47	88	64	60	110	66	58	56	61	69	59	69	74	62	58	68	61	84	66	54	61	62	60	57	59	47	52	22	83	59	67	43	79	71	54	50	76	67	104	83	58	71	75	56	58	66	55	63	64	57	64	46	64	123	58	63	57	60	67	47	75	72	78	72	79	51	96	76	32	51	44	71	36	79	49	59	92	71	105	72	107	70	62	106	46	40	62	76	36	50	74	65	56	47	75	91	64	80	87	75	66
A[C>T]C	27	33	30	39	35	33	27	43	31	42	45	36	36	32	39	41	39	33	33	24	31	27	35	34	22	31	46	23	41	47	43	33	25	31	14	29	29	59	42	44	28	34	31	15	35	29	19	35	21	38	10	42	21	42	37	35	36	21	42	27	43	49	14	34	19	22	43	56	33	30	25	46	33	48	45	15	20	19	31	38	38	22	36	22	22	29	10	39	23	39	29	40	39	23	37	56	50	53	35	24	38	22	31	52	30	35	58	31	42	41	12	38	38	30	39	31	23	40	41	35	50	22	26	36	40	59	27	36	8	36	13	36	36	45	40	30	43	22	40	37	34	56	23	40	24	22	15	15	38	37	21	53	27	28	30	29	65	62	39	21	40	23	30	37	42	29	33	27	34	38	48	29	36	40	42	37	51	30	37	33	44	33	30	50	36	39	34	19	46	28	32	40	22	50	42	34	28	29	21	40	40	31	32	46	41	30	18	50	37	40	37	25	33	27	32	36	48	49	33	35	29	27	25	37	93	45	45	40	39	37	37	34	35	32	31	49	22	56	35	16	31	29	38	44	37	16	37	55	46	34	34	30	38	49	42	39	24	45	44	32	27	30	34	16	21	40	46	34	36	35	35	45
A[C>T]G	94	120	55	74	85	96	91	121	167	83	96	112	136	120	97	116	151	80	94	96	142	103	126	130	112	129	83	79	120	102	89	97	105	75	57	145	98	111	64	93	85	99	86	68	115	79	128	91	72	69	79	123	75	130	121	87	151	105	94	108	124	133	64	142	61	128	132	115	69	96	71	120	92	132	97	52	76	81	80	92	116	111	127	124	94	123	37	127	95	143	80	138	129	119	84	121	105	136	89	137	115	87	105	96	90	104	139	90	94	108	75	120	86	88	113	108	90	156	78	129	131	109	108	98	137	164	105	117	47	126	90	103	127	148	89	105	130	89	99	118	85	124	111	92	86	87	99	104	148	93	87	94	80	94	99	142	102	154	152	130	153	115	112	100	168	119	72	120	132	176	90	86	133	105	85	147	112	95	93	101	121	89	114	96	96	114	130	107	108	99	111	101	96	139	67	145	106	72	59	124	113	114	95	94	100	74	104	101	111	100	135	109	132	112	114	51	113	129	78	107	131	116	107	117	198	83	132	134	161	135	65	104	137	112	113	131	93	122	116	52	108	90	119	86	114	108	74	93	87	168	135	130	138	97	149	112	54	95	137	102	101	108	107	66	50	140	125	141	95	102	113	164
A[C>T]T	37	45	20	47	49	39	49	67	56	24	48	49	65	53	45	39	58	18	39	44	79	58	48	34	38	31	29	52	43	60	38	49	42	39	11	57	45	59	49	57	43	41	21	26	35	39	38	35	32	31	29	57	25	42	41	30	55	35	42	45	45	42	20	49	22	51	55	52	43	43	29	51	43	52	49	27	36	43	21	36	50	33	34	33	39	31	21	44	40	39	57	32	48	41	31	42	35	90	35	54	51	22	54	59	39	55	63	42	45	49	31	44	36	29	29	41	25	51	44	67	52	25	51	48	45	47	27	27	6	38	29	38	43	39	37	45	50	33	38	47	41	46	34	29	45	37	36	30	58	32	42	52	21	42	33	49	45	36	51	35	79	40	33	38	60	54	14	50	34	60	45	25	78	41	34	57	46	51	43	61	44	35	41	58	52	45	43	49	56	38	30	46	47	52	40	28	55	22	26	43	44	41	46	73	54	45	53	50	52	42	44	31	27	45	37	31	48	42	32	50	45	39	37	49	75	42	52	52	54	41	54	37	51	68	49	54	26	51	46	23	46	38	35	41	56	35	30	49	46	52	33	39	44	36	42	35	16	39	60	48	51	32	65	31	24	60	38	23	31	52	52	63
C[C>T]A	32	34	12	39	29	35	34	38	58	36	35	31	69	21	50	44	78	31	53	49	39	50	48	29	38	44	29	31	52	39	33	55	13	42	21	48	42	52	37	57	32	34	21	8	42	24	36	30	28	45	54	55	19	47	54	28	55	30	24	35	50	32	22	38	22	28	43	41	19	51	29	39	28	45	44	20	46	32	31	19	45	29	11	49	38	38	10	51	28	44	21	40	35	27	27	45	50	43	50	78	74	19	25	44	40	62	42	36	42	29	21	48	40	41	34	53	29	46	46	33	52	25	40	51	33	51	29	38	13	27	33	44	53	43	23	30	43	39	41	45	36	44	38	31	28	20	29	39	60	21	39	40	23	31	36	26	51	57	39	53	40	55	44	40	46	44	39	40	36	50	33	27	55	45	32	61	29	39	38	41	51	51	49	58	36	56	57	27	64	27	46	32	53	41	38	57	44	34	7	45	17	38	41	38	38	27	19	39	50	40	48	40	37	16	22	30	38	42	24	50	39	29	36	43	102	40	48	40	51	47	28	36	61	54	53	40	20	58	36	23	33	44	48	39	49	24	41	55	48	48	44	48	53	45	32	44	31	31	52	44	43	38	45	19	21	47	68	50	53	41	35	48
C[C>T]C	34	45	23	43	32	37	22	47	60	59	35	58	53	27	45	73	54	24	46	33	66	43	39	42	40	31	41	40	61	57	36	35	29	44	21	41	34	57	52	50	22	31	33	18	40	58	24	30	49	50	33	48	27	36	43	37	57	42	45	33	27	36	20	40	25	61	33	34	40	35	19	44	41	76	42	27	35	16	21	38	35	51	34	29	33	41	14	37	38	25	42	50	35	28	27	51	21	51	55	35	38	24	43	36	28	28	52	29	38	49	29	34	36	12	32	52	33	68	37	36	72	33	46	40	40	73	18	17	3	36	36	33	57	57	35	53	44	41	29	24	52	32	32	49	49	24	32	24	53	24	35	53	29	37	33	35	26	44	41	32	52	46	44	48	42	42	35	36	39	55	32	34	61	53	24	65	58	32	26	31	56	38	54	68	45	52	57	61	74	43	37	49	36	40	36	47	24	30	17	38	32	38	34	42	34	32	34	34	65	43	36	40	35	25	38	26	35	30	38	38	41	52	39	27	86	24	45	47	59	49	40	28	51	48	27	33	26	40	38	23	42	29	30	38	70	49	26	58	42	44	31	39	44	26	48	30	21	29	54	44	28	42	45	16	14	40	34	66	51	52	54	37
C[C>T]G	35	34	25	33	43	44	64	70	85	41	40	54	62	57	47	48	95	51	53	61	57	78	80	29	57	46	46	41	50	55	41	53	34	42	32	66	42	93	49	42	75	60	68	48	51	55	38	49	55	55	54	46	83	43	82	50	73	47	36	67	76	70	45	55	34	53	71	61	45	37	46	62	28	64	57	39	50	24	33	57	76	60	70	40	51	58	25	57	50	85	67	81	97	46	33	51	64	100	74	51	65	53	58	54	27	65	47	57	65	61	50	56	34	45	93	77	31	55	61	60	70	38	54	60	59	77	43	25	19	66	42	67	55	69	56	34	36	70	59	51	59	49	60	60	41	59	70	65	69	37	33	80	65	56	45	65	34	47	87	65	94	50	100	61	108	67	58	67	55	75	38	52	51	45	28	77	51	50	50	51	58	53	50	44	68	54	46	57	70	40	72	59	49	63	43	74	61	40	52	30	57	48	37	52	51	57	30	73	50	68	67	84	89	50	30	43	60	74	27	68	71	60	25	51	99	47	75	64	85	47	53	33	84	70	41	84	35	77	55	16	64	60	33	45	72	23	65	76	49	99	50	60	68	49	64	65	26	68	82	58	37	42	53	27	24	58	78	64	40	63	56	48
C[C>T]T	62	72	33	65	60	58	67	85	81	68	53	81	147	86	66	110	122	60	53	58	87	85	59	52	75	77	83	90	78	99	40	77	63	91	7	82	72	100	101	73	60	68	53	49	75	60	38	57	66	50	75	57	48	81	67	72	69	40	70	73	79	63	50	66	42	92	66	97	57	76	79	69	56	93	116	42	43	40	64	58	74	51	62	42	72	69	43	86	68	85	80	96	86	80	37	83	73	87	79	83	88	48	83	66	67	136	109	59	63	86	67	53	44	57	54	77	41	64	105	77	107	63	34	71	95	97	45	44	19	95	31	71	102	85	42	60	59	70	65	65	71	85	49	56	71	74	44	59	71	53	71	75	59	77	60	78	111	83	94	85	96	90	75	68	76	82	70	80	68	79	46	49	86	96	46	92	91	63	80	70	60	84	80	114	91	86	89	65	84	76	67	106	89	79	80	89	52	54	41	87	89	76	48	111	74	53	46	92	89	74	83	86	54	61	61	55	62	72	45	70	83	85	74	68	114	55	72	54	78	83	65	72	91	88	68	101	41	74	54	36	62	55	99	58	77	54	59	81	80	92	64	66	74	62	64	74	44	54	92	70	83	72	65	49	49	97	84	64	71	59	56	105
G[C>T]A	24	22	13	22	22	31	20	29	17	23	0	34	29	34	37	33	37	24	31	30	22	47	28	33	9	28	46	23	24	42	28	22	8	34	18	11	26	41	37	34	27	24	8	18	31	29	19	33	34	5	33	35	17	30	30	30	37	30	33	10	37	34	14	21	22	24	36	41	19	25	25	23	20	50	34	22	27	24	28	26	26	33	34	22	19	27	12	46	23	23	13	30	49	18	20	54	27	25	32	22	34	32	17	30	13	64	25	29	22	20	25	41	32	24	29	33	33	39	32	25	32	4	34	45	45	30	33	23	10	32	15	36	29	26	6	28	33	6	25	32	25	46	26	18	10	24	19	24	32	18	27	27	27	8	30	24	17	34	39	38	47	34	35	40	48	29	23	42	43	22	10	34	11	25	22	35	27	21	27	38	46	42	30	28	34	35	29	6	20	23	61	30	14	33	36	25	19	18	19	21	47	29	25	37	23	20	25	37	34	31	20	13	24	23	26	26	26	27	24	38	37	23	34	19	56	21	32	30	25	29	27	31	38	36	35	40	15	48	33	14	15	11	13	21	39	47	31	38	16	27	28	37	17	19	12	19	21	45	44	28	30	25	31	35	19	40	32	18	29	31	33	22
G[C>T]C	35	34	18	37	26	29	43	45	56	52	40	40	67	38	50	56	37	33	22	45	44	45	33	25	38	36	46	40	48	42	31	53	34	29	16	41	26	52	39	50	28	22	43	15	48	13	26	38	21	31	17	33	31	38	50	24	57	21	55	18	31	28	17	17	24	33	35	79	45	30	38	42	10	68	27	25	51	19	28	28	27	31	34	31	31	36	15	44	33	39	34	42	41	53	27	51	46	38	42	40	35	46	29	47	20	55	59	19	36	47	25	28	22	23	23	40	25	53	54	33	54	29	31	46	50	51	35	31	19	20	36	49	34	41	23	24	37	37	38	45	16	63	23	40	12	20	39	33	53	27	21	34	15	24	33	32	26	31	29	27	72	34	33	27	38	34	21	23	27	30	29	15	51	40	38	45	41	37	30	38	37	30	36	52	37	65	56	34	38	37	50	34	31	37	22	45	34	27	29	30	42	38	41	60	40	29	24	34	56	25	33	33	32	50	29	35	65	40	26	40	41	33	26	37	75	21	48	30	30	36	40	49	33	50	37	37	29	58	44	30	26	37	28	35	58	23	31	62	28	40	42	37	34	26	44	33	26	33	43	26	43	27	39	31	21	31	19	27	49	44	52	36
G[C>T]G	56	58	37	94	49	66	63	83	85	45	24	85	78	74	87	89	122	80	79	68	77	52	80	63	72	62	83	58	67	76	53	66	63	78	25	84	74	80	47	55	33	39	54	26	51	55	50	36	43	74	48	64	54	121	82	33	85	56	42	24	81	80	34	96	47	63	62	54	40	56	27	60	33	80	53	44	53	59	70	58	77	38	76	40	67	70	29	105	65	60	65	47	58	37	29	78	48	97	50	105	85	46	79	30	47	55	72	50	76	50	56	62	50	54	81	43	45	55	90	63	176	56	85	38	45	103	82	56	36	38	59	57	53	41	19	41	79	67	65	69	46	78	55	41	59	64	46	76	64	54	77	86	42	59	59	62	26	65	77	65	99	59	77	61	120	42	54	76	43	97	71	35	72	59	63	124	59	30	53	74	81	60	72	36	43	73	68	49	80	65	65	65	53	83	40	49	52	37	31	51	62	57	36	50	48	53	50	94	120	60	63	50	87	61	48	69	60	84	42	66	60	50	51	95	134	44	55	72	77	62	55	70	85	82	90	101	46	93	70	25	75	37	61	71	60	45	54	85	68	95	70	91	79	86	88	49	30	93	60	42	41	44	62	27	47	77	101	68	56	50	66	57
G[C>T]T	25	43	23	53	43	42	57	47	92	58	51	45	65	63	24	60	95	42	61	26	63	63	72	51	35	28	37	74	43	63	24	80	59	60	21	37	69	59	76	69	40	27	38	13	44	39	36	36	28	43	39	55	40	51	67	48	62	37	58	35	56	49	25	38	27	69	40	59	36	61	50	51	61	70	76	37	40	27	23	49	53	53	38	35	45	70	19	81	48	41	57	56	49	59	35	76	50	66	57	62	46	34	85	49	49	53	77	27	47	54	37	48	40	24	50	77	53	83	73	63	65	29	48	50	59	57	53	42	6	66	31	43	57	51	12	51	54	48	45	47	32	39	28	54	41	52	46	46	67	48	23	38	34	55	41	38	62	60	48	85	89	52	44	58	50	57	52	69	57	49	49	30	59	43	44	77	59	35	50	43	67	44	53	72	48	56	45	36	78	54	52	84	43	47	42	47	49	37	22	41	59	41	34	77	54	41	28	62	53	42	57	71	35	48	48	43	50	62	33	43	45	50	48	45	101	42	43	59	50	47	44	59	59	70	47	63	57	90	71	18	46	35	68	42	62	42	33	46	43	69	48	78	42	41	46	42	28	47	62	50	51	38	53	41	31	51	57	52	51	39	59	66
T[C>T]A	29	18	10	20	40	31	22	34	79	18	29	34	27	21	34	31	46	13	28	24	42	45	28	23	35	31	37	31	33	37	15	27	13	31	16	37	32	36	39	36	28	34	30	20	24	29	5	16	30	17	33	26	10	32	30	20	25	33	21	37	35	40	31	17	13	35	31	16	24	24	25	30	25	39	30	29	30	16	24	25	42	24	28	11	27	43	19	47	30	35	13	34	32	23	14	34	35	56	37	38	35	17	33	20	34	28	53	31	22	32	38	30	50	14	14	28	19	39	17	15	67	33	14	36	40	41	49	25	5	36	36	30	45	32	23	30	20	19	40	18	23	51	42	25	18	17	27	15	32	16	27	29	15	31	44	21	31	18	29	35	35	15	33	30	30	29	35	54	16	42	23	19	44	29	16	49	27	18	32	36	35	26	31	28	39	34	29	25	34	21	32	40	14	40	36	25	18	17	12	13	30	26	23	35	17	24	15	27	41	22	38	42	52	32	19	18	36	44	24	40	26	15	31	19	57	14	29	38	39	36	23	21	33	32	27	51	16	40	41	27	37	29	33	9	48	24	22	22	25	21	34	39	30	41	40	25	12	29	52	14	21	15	28	14	21	40	34	36	29	37	14	37
T[C>T]C	27	40	27	49	32	39	46	54	83	32	43	54	53	42	37	43	41	27	48	42	52	85	33	54	43	54	33	41	67	44	40	42	21	31	27	62	32	50	57	32	18	29	35	21	31	32	14	38	36	43	56	20	33	60	58	17	48	37	27	45	76	27	31	32	12	45	28	43	36	32	29	28	13	48	64	29	28	13	58	47	38	29	38	31	39	39	27	59	37	37	36	25	65	28	22	49	28	61	10	48	52	39	31	56	72	39	59	38	36	40	42	66	30	32	29	31	23	37	22	42	79	27	60	61	83	95	43	21	11	27	54	46	64	30	37	34	56	31	81	43	48	27	49	63	37	22	49	26	56	18	46	55	13	32	59	49	45	29	39	65	72	36	37	46	66	57	43	67	43	47	32	20	69	22	40	71	39	29	18	57	52	48	58	34	57	49	60	25	36	35	45	40	38	45	42	49	37	22	12	36	32	29	29	56	33	39	21	44	56	32	43	54	32	27	30	17	47	54	27	51	48	25	37	41	71	40	59	57	56	51	31	29	77	68	33	98	23	66	36	23	42	18	43	21	60	49	44	47	48	48	30	57	64	54	54	32	19	35	68	28	21	36	25	27	37	40	51	50	22	33	31	51
T[C>T]G	51	47	10	29	39	37	41	31	58	39	29	54	47	50	18	52	61	40	70	26	50	55	37	65	48	46	29	27	54	47	21	33	17	29	34	34	50	43	49	48	33	36	30	21	45	37	26	38	51	33	29	18	58	36	50	22	44	19	18	55	66	49	34	34	30	45	61	38	50	18	31	39	31	50	40	22	41	32	30	38	45	31	40	46	39	46	21	35	42	51	42	61	64	27	22	45	28	82	50	46	45	29	37	34	34	60	61	42	34	29	31	43	46	27	45	36	19	42	39	33	57	54	63	60	45	79	35	25	15	48	25	48	41	30	17	53	59	31	52	39	23	29	36	14	18	48	41	28	53	43	52	31	27	29	33	37	23	42	65	38	52	53	26	60	62	44	58	59	39	59	35	42	48	33	48	77	27	34	51	38	55	48	39	42	46	43	43	34	48	32	54	40	40	45	24	64	41	30	17	45	44	40	39	48	51	33	42	37	73	53	37	42	54	37	40	38	39	23	44	30	49	42	32	23	66	28	52	62	52	57	30	37	51	58	41	59	30	43	49	18	46	33	33	33	62	56	22	49	28	61	47	55	34	43	62	46	16	45	65	34	27	63	51	47	38	55	42	45	40	28	19	46
T[C>T]T	29	33	13	33	28	29	28	52	56	39	29	45	51	42	53	58	54	29	31	17	61	62	41	33	32	49	58	36	56	47	22	35	25	31	21	48	37	62	32	50	32	29	31	20	27	37	45	25	30	28	48	37	23	19	30	28	55	28	36	24	35	44	14	26	17	43	29	50	33	38	27	28	20	37	44	12	53	22	38	30	26	58	32	27	29	45	27	49	23	39	31	35	44	36	18	72	27	59	45	70	40	24	31	42	23	39	70	21	31	41	21	53	32	23	29	43	27	33	32	35	77	34	51	36	62	75	47	40	8	56	40	39	41	59	25	45	43	35	40	45	43	39	28	29	28	35	36	33	55	19	29	32	38	31	35	33	26	49	51	35	57	38	26	33	50	42	39	48	21	44	41	25	51	43	32	55	25	22	27	40	24	35	41	38	45	52	54	27	48	32	37	57	24	54	40	45	44	18	17	24	32	36	37	58	37	32	22	31	31	36	48	42	46	50	25	18	30	50	33	47	42	21	32	29	50	17	38	45	60	42	33	28	55	32	43	61	12	45	32	9	44	31	38	24	58	28	33	36	35	57	39	50	36	26	50	33	14	33	35	20	28	40	45	25	21	38	40	43	44	35	35	48
A[T>A]A	12	14	8	12	8	12	11	16	25	6	27	16	22	6	18	14	15	7	13	10	15	30	7	7	11	8	29	9	22	18	10	15	8	26	7	20	8	9	15	28	8	5	5	8	10	0	7	9	8	24	10	11	6	21	17	15	23	14	9	10	21	9	6	23	5	10	17	27	5	18	8	9	15	17	15	10	17	16	5	11	12	18	8	11	5	12	4	22	5	9	10	17	14	12	10	16	11	18	17	8	17	10	8	12	12	12	19	15	13	9	4	13	18	5	7	15	10	13	7	13	18	5	11	20	17	16	8	8	3	19	8	21	20	18	12	9	24	13	13	4	9	17	13	9	8	13	7	7	15	5	10	8	2	6	14	13	11	8	17	9	12	21	7	18	26	17	10	10	9	8	16	12	11	13	12	43	15	3	11	9	13	20	11	20	9	19	11	11	12	15	13	11	16	15	12	19	24	10	10	6	8	19	11	21	17	9	6	17	15	19	16	15	17	9	7	10	9	18	17	20	15	12	14	21	23	8	9	13	17	15	9	8	22	18	21	16	7	27	16	7	16	20	18	8	12	12	13	17	13	11	14	16	26	11	18	19	7	14	13	8	5	13	17	12	9	22	15	25	13	17	7	19
A[T>A]C	13	11	0	18	28	15	7	14	10	11	13	18	16	15	13	14	22	9	9	9	15	15	20	13	12	10	21	16	17	10	9	11	8	10	7	16	13	14	7	12	12	12	12	7	11	13	12	8	13	5	10	4	4	8	17	13	16	7	6	14	8	0	8	9	5	12	7	9	12	16	4	9	20	14	8	7	7	5	10	17	9	13	13	4	9	17	8	17	10	14	13	12	14	23	6	16	11	13	10	11	23	2	8	12	12	11	16	21	16	13	4	18	20	9	16	15	4	18	7	23	32	7	14	18	14	18	4	10	3	17	11	11	16	14	10	13	13	6	18	16	14	17	11	7	6	13	7	9	25	6	19	11	6	13	9	10	28	26	22	18	7	2	21	13	20	10	8	19	16	13	13	13	11	13	14	22	12	11	18	10	11	8	20	8	18	2	11	6	8	12	19	19	9	11	14	19	9	7	9	13	11	10	5	19	9	14	6	11	13	17	13	6	11	20	4	13	9	27	9	14	16	10	14	18	20	13	9	22	16	5	10	10	19	16	18	16	12	8	27	14	9	16	23	12	16	9	18	9	9	17	12	9	15	21	12	14	17	23	22	10	7	11	22	6	5	18	19	20	18	13	7	17
A[T>A]G	10	24	0	12	9	12	11	23	42	12	13	22	18	15	16	14	19	13	9	7	31	27	4	9	11	18	8	11	20	18	7	4	8	13	5	18	5	18	17	12	7	7	13	10	8	11	10	13	9	17	6	18	15	15	15	4	7	5	15	6	25	15	11	8	8	8	16	14	5	21	6	2	13	25	13	15	12	13	5	17	19	18	13	18	17	14	6	29	15	9	8	12	21	16	8	25	14	20	10	27	15	2	10	17	2	19	30	10	13	16	12	15	24	8	11	24	8	26	7	27	35	9	17	18	24	24	10	8	10	17	10	13	14	18	6	13	11	11	14	2	14	17	15	11	20	4	5	2	16	8	12	17	6	13	8	26	6	21	31	32	12	17	19	22	22	13	25	23	4	25	4	12	11	10	6	33	17	13	8	18	15	11	18	20	14	6	11	11	20	12	22	25	5	14	10	11	13	10	5	11	11	28	18	29	17	9	10	11	10	17	10	4	30	12	3	10	8	17	8	16	5	10	25	18	32	14	13	20	23	11	18	10	14	18	10	21	16	37	8	5	15	13	5	6	16	10	18	14	13	19	19	14	13	17	20	11	3	14	16	10	11	4	20	4	10	9	15	20	13	11	9	19
A[T>A]T	13	11	2	8	9	8	8	16	25	15	13	11	27	8	16	15	29	7	7	14	11	17	11	16	20	15	29	23	24	13	14	13	8	8	7	16	11	12	7	14	8	7	7	7	8	11	5	5	9	17	17	11	15	13	26	13	36	9	12	14	25	21	14	11	8	16	14	7	14	19	10	12	5	8	19	5	12	24	9	19	19	11	15	11	17	14	8	20	13	12	21	15	30	14	12	13	11	33	15	40	14	5	12	20	17	7	16	13	16	5	15	11	22	11	13	24	8	6	17	10	27	20	17	12	12	20	8	13	6	19	10	18	9	20	15	11	24	13	16	6	16	17	23	2	10	11	5	11	22	6	23	6	10	15	21	19	23	16	27	24	20	17	14	12	20	15	12	17	9	20	13	8	23	6	10	47	17	13	14	20	21	11	23	14	21	19	8	11	10	7	17	15	11	23	5	11	16	8	7	15	9	17	5	10	10	11	16	14	15	7	24	13	14	18	11	10	6	22	8	16	7	10	17	10	27	16	14	30	23	18	7	10	19	14	10	16	12	24	13	16	29	9	10	9	11	10	11	5	9	10	16	25	19	9	22	14	16	19	14	12	7	4	8	16	17	13	17	23	13	28	9	31
C[T>A]A	8	7	0	6	6	6	7	7	13	2	5	4	9	8	13	8	15	4	9	3	11	8	9	7	8	13	17	5	13	5	5	9	8	0	0	9	13	11	7	2	3	5	3	8	4	8	10	5	2	9	8	9	6	6	6	6	14	0	6	10	12	2	8	6	3	6	5	2	9	3	8	5	10	6	11	10	2	0	3	4	7	9	8	2	7	5	0	7	13	7	13	12	18	7	4	11	4	8	10	19	17	0	10	5	7	7	20	4	9	2	6	10	10	2	7	7	2	9	7	2	12	7	14	8	7	4	4	0	0	5	4	8	7	2	4	6	14	4	9	6	4	5	8	2	4	2	10	9	14	2	10	8	4	8	6	6	3	3	14	9	5	10	0	8	12	6	10	11	7	15	10	3	11	10	8	10	7	8	6	4	7	6	11	8	9	4	8	6	10	7	7	13	7	8	7	11	10	0	3	9	9	24	4	4	9	3	10	6	9	4	9	8	5	9	8	7	6	5	12	8	0	10	14	10	11	7	13	13	14	7	6	7	7	8	10	9	4	8	6	2	13	9	8	0	16	7	6	11	7	8	9	7	8	15	10	9	5	4	9	4	4	8	0	2	5	5	11	7	7	9	7	14
C[T>A]C	5	4	10	10	6	10	10	11	15	5	3	0	20	8	8	2	7	2	7	10	17	18	2	4	12	8	4	9	9	3	9	7	0	0	5	11	3	0	2	4	2	2	8	5	4	3	5	2	2	5	4	4	4	8	15	4	18	5	3	16	10	4	3	4	2	6	12	0	2	5	13	7	3	4	0	5	8	5	3	8	8	9	8	4	5	3	2	10	7	9	10	7	12	5	2	16	5	20	10	11	20	5	10	8	10	12	28	19	0	14	6	8	4	3	7	7	2	2	5	6	15	7	11	7	2	14	12	6	2	5	2	7	7	16	2	13	20	15	22	4	2	15	17	7	2	15	7	7	15	0	4	8	0	4	5	3	3	10	7	12	12	6	7	13	14	2	4	15	12	15	9	2	11	6	14	12	10	2	3	9	8	6	11	10	4	7	3	8	6	6	11	4	18	9	7	15	6	5	0	9	11	10	9	8	4	9	3	5	13	8	4	10	21	11	7	7	6	15	2	9	5	4	8	19	14	7	7	8	10	8	6	7	16	12	18	7	1	27	10	2	15	7	13	8	12	9	4	11	1	8	9	9	15	9	18	4	3	8	16	0	5	6	3	16	2	7	11	2	7	11	16	11
C[T>A]G	0	11	3	6	9	12	14	11	29	11	13	16	20	11	18	17	37	2	11	3	15	20	11	11	12	8	8	5	13	3	10	15	0	0	2	11	13	12	17	6	8	0	7	8	8	16	2	2	11	9	12	20	2	9	13	6	14	5	6	29	23	11	8	9	10	10	9	2	5	2	4	14	8	6	25	7	12	5	14	23	4	18	17	7	14	2	4	17	3	16	8	12	12	12	10	27	9	12	5	30	14	0	6	12	10	11	34	4	13	9	0	10	20	3	4	10	4	13	17	8	13	13	17	17	14	28	4	6	2	17	6	15	9	4	6	9	13	15	20	12	9	22	15	11	20	11	15	4	27	2	12	11	2	9	9	16	9	13	14	18	2	11	26	13	10	15	10	15	5	15	6	5	25	6	12	28	12	8	5	4	13	9	14	14	18	19	12	6	12	4	11	6	13	8	10	23	12	5	5	13	6	48	11	6	10	3	10	14	30	17	20	4	11	18	8	10	11	27	11	9	10	6	23	12	21	3	5	18	23	10	13	15	14	12	18	10	4	40	10	0	16	13	3	9	16	5	7	16	12	6	20	7	8	4	18	12	3	17	16	8	4	19	11	6	5	15	11	7	11	7	9	12
C[T>A]T	10	11	8	0	9	8	13	9	35	12	16	16	25	4	16	14	12	4	11	5	11	18	22	11	23	13	25	16	20	8	15	11	8	13	0	11	3	11	17	4	7	7	12	5	7	8	10	6	4	17	15	18	12	25	9	4	25	16	6	14	12	9	6	4	3	10	10	9	9	13	8	2	3	14	21	10	8	5	5	11	16	20	13	18	9	9	8	15	18	23	13	7	21	11	6	11	9	20	10	27	18	2	17	15	5	14	22	13	4	4	8	20	10	8	13	9	6	20	2	2	22	13	9	8	21	28	16	2	2	19	11	18	23	10	19	9	22	6	13	14	9	19	15	7	8	15	12	24	19	6	12	11	4	11	14	21	6	21	34	12	25	17	9	13	20	11	8	19	7	25	19	8	32	5	8	35	15	5	10	14	14	21	11	16	12	26	22	8	20	10	19	8	4	17	5	15	15	2	10	2	9	17	5	13	6	2	10	3	10	12	20	15	11	18	9	5	9	28	11	10	3	10	25	19	12	10	16	17	17	15	6	13	17	24	18	31	10	40	5	7	16	9	8	6	19	7	7	11	10	11	16	16	28	11	8	9	9	8	13	12	12	8	8	8	14	16	17	11	15	20	9	17
G[T>A]A	7	9	3	10	3	12	8	11	6	9	8	9	9	0	3	10	2	7	4	3	17	8	4	5	6	3	12	5	9	3	3	0	4	5	0	16	3	9	10	2	3	12	2	3	4	13	7	3	6	7	8	15	8	8	9	4	9	2	0	6	10	2	0	4	2	8	7	9	2	2	4	9	0	12	8	2	7	5	3	0	3	15	4	7	3	2	0	5	3	2	3	5	16	7	6	7	4	12	5	8	9	5	8	3	3	5	11	4	4	4	6	3	4	5	2	5	4	7	2	4	8	11	9	10	9	4	6	8	0	7	2	7	7	2	8	2	3	13	4	8	9	12	9	4	2	6	5	9	5	0	4	6	6	1	6	8	3	3	7	12	2	8	0	10	8	13	10	4	5	5	4	7	10	8	2	10	8	3	0	6	8	11	5	6	5	9	3	0	8	4	6	8	0	5	0	11	7	7	2	4	6	19	4	12	11	6	3	8	1	12	3	4	6	7	1	3	3	7	2	4	4	8	8	2	11	6	9	8	5	7	6	5	10	6	16	9	3	13	3	5	4	7	3	8	2	3	4	6	6	11	8	4	8	6	8	5	7	8	9	14	5	4	17	8	2	7	17	16	5	9	7	6
G[T>A]C	0	9	3	8	2	8	6	7	4	3	16	2	4	11	3	6	10	4	9	7	4	7	15	9	3	0	8	5	7	8	5	0	4	10	2	5	3	2	2	10	5	2	2	8	4	0	0	5	8	9	4	9	4	11	17	0	16	5	9	12	6	6	0	6	3	0	9	9	5	6	6	16	3	4	6	0	3	5	2	2	7	2	6	2	5	2	0	10	3	7	0	5	9	5	2	4	7	12	2	8	9	0	2	3	3	7	11	2	7	0	2	3	10	6	2	5	12	2	7	2	22	2	0	7	12	10	0	4	0	5	2	7	9	8	6	4	9	4	2	8	2	7	4	4	6	2	2	0	11	2	6	8	0	5	8	2	11	3	10	9	0	4	5	7	6	8	4	10	11	12	4	5	4	6	4	10	8	6	6	9	13	9	8	4	9	4	9	2	0	12	11	4	7	6	3	13	4	3	5	2	4	12	4	4	4	3	3	6	6	10	3	2	5	7	1	7	9	5	3	1	4	10	8	14	17	0	5	10	9	8	10	2	12	6	4	7	3	0	2	5	4	9	10	2	12	3	0	6	6	6	3	11	6	6	4	7	5	10	5	8	5	2	11	0	3	4	19	11	4	15	2	9
G[T>A]G	5	5	2	14	9	2	4	16	10	14	13	2	13	6	16	12	5	2	0	3	4	12	13	2	3	5	4	4	4	0	5	9	21	8	0	16	19	4	5	10	2	12	10	2	1	8	5	9	0	2	4	13	2	9	13	2	5	9	6	2	10	9	6	4	8	2	5	16	5	2	4	5	8	8	15	15	5	3	0	9	7	4	13	7	2	5	4	14	8	5	16	3	7	5	0	16	7	12	7	13	12	0	6	3	10	5	2	2	2	0	4	5	14	6	2	3	0	6	0	2	17	7	3	8	12	12	0	6	3	5	6	3	11	16	4	4	11	0	11	2	4	17	9	9	6	4	2	13	4	0	12	15	2	8	8	14	6	13	10	9	7	13	5	12	14	6	8	6	11	10	3	8	6	6	6	12	0	2	5	4	8	12	8	4	5	4	5	2	8	6	6	4	4	15	0	11	3	10	3	11	11	16	11	10	7	5	4	9	6	12	4	4	19	4	1	2	8	15	8	12	8	6	8	6	14	7	2	27	12	10	10	10	7	16	12	10	9	16	2	0	15	7	3	5	16	10	9	5	7	0	2	12	2	13	6	5	3	4	5	2	5	19	8	2	0	5	13	5	4	7	5	17
G[T>A]T	7	4	7	8	8	4	8	9	21	11	19	7	16	13	11	4	15	4	7	9	4	13	13	9	12	8	8	5	20	13	2	11	25	5	9	7	5	21	10	12	8	7	3	8	4	8	7	9	11	5	8	9	2	13	13	7	27	5	0	8	12	6	8	8	5	4	9	9	14	8	15	7	5	12	13	2	10	13	2	15	11	4	6	9	10	10	2	12	5	14	8	17	11	9	6	4	11	16	17	8	11	5	6	8	3	19	14	8	11	9	6	10	14	8	13	7	4	9	5	6	22	9	11	7	12	20	10	4	5	12	0	11	20	10	15	9	13	11	13	2	11	15	23	5	4	7	7	7	11	5	4	8	8	8	6	8	6	18	12	12	0	6	12	8	10	13	12	17	12	15	12	5	8	6	14	28	12	5	8	13	10	6	13	12	14	6	8	2	10	12	15	11	7	20	0	23	7	13	0	9	9	14	7	8	7	3	4	9	15	6	7	8	11	5	8	3	5	17	8	14	12	6	22	16	12	4	16	17	10	8	6	3	17	8	6	9	3	19	10	5	7	9	8	8	11	9	17	9	17	8	11	11	9	11	14	11	10	10	8	4	7	13	3	4	3	18	8	9	9	6	16	12
T[T>A]A	3	14	5	6	9	12	7	16	17	9	19	9	20	6	18	14	12	13	4	9	26	23	7	4	6	8	12	5	7	3	5	9	4	16	5	20	5	11	10	6	8	10	7	3	3	8	5	8	4	12	17	9	0	15	13	11	7	5	3	8	10	6	6	6	3	8	14	5	5	18	4	5	10	14	21	2	12	8	5	4	7	13	11	15	10	5	14	12	12	5	5	7	21	12	10	18	7	13	2	5	11	5	6	12	5	7	23	15	4	4	6	13	14	3	4	2	4	6	5	6	12	5	20	10	19	16	6	6	2	7	2	5	18	6	12	11	16	11	18	6	11	10	17	9	2	4	7	7	23	2	6	6	6	4	9	13	6	5	17	21	7	15	7	3	14	10	8	27	4	13	4	5	13	8	6	16	10	3	5	11	10	5	10	6	14	11	12	4	12	12	13	6	7	17	5	9	9	13	5	4	6	24	5	12	7	6	4	6	10	7	10	15	5	16	1	5	14	12	6	3	11	21	12	16	17	7	7	5	14	20	3	7	14	12	14	10	4	21	14	5	16	9	5	5	11	16	6	9	7	10	6	14	11	11	8	16	16	19	6	6	5	2	14	6	3	11	19	16	13	11	5	14
T[T>A]C	5	4	3	12	3	6	4	7	17	12	13	7	7	8	11	15	10	0	4	7	9	15	15	7	14	8	8	7	9	5	7	9	4	5	0	7	11	9	12	10	3	0	5	0	8	8	7	6	4	9	4	4	6	8	11	2	16	2	9	8	10	0	3	8	2	8	10	5	9	3	6	2	10	6	15	0	5	5	0	2	7	4	8	7	5	5	0	19	3	0	13	5	7	4	4	4	5	15	10	11	17	7	8	7	7	9	11	10	2	5	4	7	6	6	5	17	8	6	0	6	10	4	3	10	12	8	6	2	0	12	4	8	7	2	4	4	7	6	11	6	7	7	8	7	4	4	0	4	10	5	0	8	2	5	9	8	3	5	10	6	7	8	5	8	8	8	8	4	7	8	9	5	10	5	2	18	5	3	3	10	4	3	4	10	16	9	8	11	10	1	7	11	2	6	3	8	3	2	2	2	6	9	4	10	4	2	3	6	1	3	3	4	8	7	7	8	5	7	3	14	1	10	6	8	8	7	11	8	7	7	7	10	9	16	6	5	6	11	3	0	7	9	3	6	7	7	6	6	7	6	8	5	8	11	6	7	7	8	6	6	5	6	3	4	9	7	6	14	9	9	7	11
T[T>A]G	5	24	2	4	9	12	7	4	21	14	11	4	11	4	13	14	10	0	9	3	24	12	7	5	15	5	12	7	13	3	2	11	13	5	5	12	13	9	12	10	3	5	8	2	3	11	12	6	4	7	10	7	6	0	13	4	5	5	9	2	6	9	8	4	5	4	5	7	5	11	2	9	3	8	11	10	12	5	7	6	5	9	4	13	9	14	2	19	5	2	8	13	14	12	4	18	5	8	12	8	20	2	2	8	3	9	19	2	4	4	10	8	10	3	5	0	2	11	7	6	10	5	9	10	5	10	0	8	0	7	0	8	2	12	8	6	11	4	14	4	4	15	8	11	8	2	2	4	11	5	4	2	8	5	8	10	9	5	17	21	7	4	12	7	6	8	8	8	5	7	4	3	0	10	4	12	12	6	2	14	10	9	4	6	18	7	5	6	18	2	6	6	2	8	2	15	6	10	2	8	2	26	11	8	9	3	7	8	6	3	7	4	24	5	0	2	11	10	9	13	8	6	3	8	8	8	11	10	9	13	1	3	9	18	2	10	3	24	11	0	15	5	3	3	0	3	13	5	6	8	3	4	4	19	12	7	14	6	11	6	7	2	6	10	2	18	8	11	5	7	9	9
T[T>A]T	13	18	5	16	17	12	10	25	46	12	29	20	13	6	18	17	29	18	22	14	22	23	20	11	20	31	29	14	20	13	7	11	17	13	7	14	11	16	22	16	17	22	15	10	8	18	12	13	9	17	17	22	8	15	30	13	44	9	18	14	19	9	20	11	8	18	16	14	7	18	10	9	13	16	11	10	10	24	16	25	18	22	17	11	9	27	10	34	15	21	5	12	30	4	10	16	18	48	10	27	34	12	10	20	8	16	28	25	16	7	10	20	12	14	16	15	6	18	7	8	54	14	14	17	31	24	12	6	6	20	15	8	32	12	15	13	20	19	32	2	11	22	13	13	12	13	15	13	27	8	10	17	13	8	24	22	14	10	29	21	22	11	16	20	12	25	17	23	12	25	7	7	25	19	12	39	14	14	11	14	18	12	21	18	16	17	17	11	22	9	17	13	22	23	9	28	9	8	10	9	17	17	21	10	20	11	9	12	24	24	21	17	13	23	9	10	14	28	18	17	16	19	31	19	27	14	32	27	31	16	11	5	30	26	16	30	15	45	11	11	24	11	10	8	16	12	11	19	17	19	19	21	21	21	16	25	19	12	19	18	5	13	8	10	10	26	25	14	11	19	21	25
A[T>C]A	34	60	17	31	35	39	39	49	75	42	48	25	58	19	68	44	78	44	37	23	48	47	50	36	28	26	33	29	37	21	28	51	29	31	5	32	29	43	27	30	25	17	31	8	34	24	26	17	21	45	25	44	29	38	54	35	52	44	33	37	52	30	28	36	27	37	38	32	26	37	25	39	23	45	36	37	25	27	24	41	49	46	28	24	39	34	12	47	38	32	26	34	51	25	25	38	30	59	42	59	42	24	45	42	47	32	64	40	40	36	35	41	36	26	34	41	31	42	54	27	54	43	46	38	47	59	39	27	15	56	34	31	55	28	19	36	44	37	23	39	43	41	47	27	35	37	34	33	56	26	48	44	19	29	35	40	40	42	46	50	59	63	28	32	56	34	35	44	36	45	38	51	70	33	28	67	52	34	37	40	42	32	35	58	50	43	29	27	40	32	45	19	63	33	33	40	47	30	10	34	34	60	52	50	46	29	33	39	47	36	40	33	44	37	36	36	33	47	39	39	23	42	34	60	96	31	43	50	50	36	30	23	51	44	33	61	26	53	44	25	37	49	25	20	49	28	41	22	70	46	47	59	42	54	48	47	33	50	51	44	32	32	48	49	12	47	46	48	33	59	21	49
A[T>C]C	8	16	2	8	12	15	14	31	17	14	21	22	16	13	13	15	24	7	9	9	20	13	9	9	25	15	12	16	11	16	2	20	8	5	2	16	13	11	5	8	3	10	10	7	17	3	12	13	6	12	8	13	8	13	22	17	14	12	24	12	25	17	6	19	7	20	24	27	7	19	13	12	10	12	25	20	15	5	7	15	20	15	15	11	5	17	10	12	12	21	10	13	9	12	10	16	7	31	22	11	25	7	14	15	17	14	31	17	11	7	10	15	6	5	13	14	4	9	17	13	25	11	26	12	24	14	12	15	3	26	4	15	16	16	15	21	23	9	9	8	11	24	13	7	12	15	17	7	12	10	15	15	13	11	18	14	17	16	19	3	7	17	21	15	18	17	10	13	14	25	20	13	23	8	18	20	3	16	21	11	20	17	25	22	7	9	12	19	18	7	15	21	14	15	14	17	13	10	3	11	23	26	11	21	9	6	12	9	18	15	16	13	16	16	12	15	17	18	15	14	16	17	22	10	33	10	18	22	14	20	10	5	23	26	18	19	3	21	13	5	16	15	10	15	12	19	15	13	13	11	23	16	25	17	30	16	7	25	17	16	21	8	17	19	2	27	21	14	20	19	14	17
A[T>C]G	22	51	17	37	35	37	35	45	40	29	51	36	38	25	55	66	66	40	18	35	33	58	30	22	34	21	58	56	22	57	22	27	29	31	7	41	58	43	49	20	25	12	20	15	28	26	26	16	15	45	31	24	29	21	48	30	32	19	15	24	37	42	22	30	25	31	31	34	26	45	27	35	36	52	42	12	36	19	21	28	42	42	32	31	39	39	17	56	20	21	23	30	41	30	14	54	21	41	45	46	43	17	35	25	32	35	58	25	34	31	33	28	50	12	16	38	14	31	41	33	55	24	34	43	21	53	35	27	8	39	21	49	48	37	17	43	33	41	47	26	20	41	23	34	24	26	19	22	49	16	39	34	17	23	38	57	45	21	55	32	37	42	12	25	48	36	37	34	41	65	39	27	48	30	20	73	44	26	42	40	46	18	36	64	75	30	46	48	52	21	33	36	38	28	28	23	27	29	19	11	44	28	45	40	41	29	36	33	52	60	50	54	68	41	29	30	32	45	27	42	24	25	42	41	89	20	47	55	34	41	31	24	46	54	47	58	25	66	40	25	42	35	18	29	48	31	39	46	46	40	48	59	55	43	46	30	23	25	44	26	36	36	34	35	26	51	44	39	47	44	42	37
A[T>C]T	27	34	27	37	39	23	42	42	63	42	40	54	62	38	55	41	63	38	42	21	48	47	26	38	51	44	25	34	50	37	34	57	38	55	18	48	37	39	42	26	25	31	31	16	28	37	29	38	26	52	25	40	33	30	52	35	46	35	42	33	48	27	11	32	24	39	54	29	24	38	29	46	28	37	44	25	40	24	24	32	36	33	42	22	38	29	21	47	32	48	21	34	56	30	22	74	28	56	42	46	43	19	21	36	28	34	80	34	29	43	25	39	50	24	25	50	23	40	37	56	60	20	51	35	59	49	25	38	8	48	31	51	39	49	27	26	29	39	47	34	43	39	42	43	37	42	44	30	55	24	48	36	50	28	32	45	43	55	51	32	45	29	58	46	56	34	29	55	36	69	35	46	51	41	40	49	54	30	24	51	42	32	33	40	52	49	29	30	26	28	54	32	33	52	24	57	40	29	29	51	32	41	21	46	40	33	37	45	55	49	48	46	52	37	33	36	36	55	33	44	34	27	52	37	71	31	39	49	43	37	40	28	40	40	51	58	23	80	44	20	49	16	53	44	72	38	46	66	59	67	40	73	66	54	48	58	31	54	51	30	37	49	25	39	31	57	53	36	58	48	31	74
C[T>C]A	7	14	7	12	8	10	8	16	33	9	16	20	16	17	13	14	27	13	9	12	11	23	15	4	9	13	12	11	13	13	3	9	21	8	2	12	5	14	7	12	7	5	7	7	7	13	7	11	9	14	10	18	8	15	15	17	9	12	12	8	21	13	6	6	10	10	16	14	12	8	8	9	10	17	17	7	13	5	9	9	16	9	13	9	9	15	6	14	8	18	5	22	4	11	10	27	9	23	12	24	22	10	14	15	17	9	28	17	25	9	4	10	6	12	9	9	4	15	7	10	18	7	6	8	9	26	18	10	3	15	10	10	14	6	4	11	17	15	23	10	12	19	11	18	6	7	15	4	19	6	8	11	10	11	6	8	9	23	22	12	27	11	9	8	18	8	10	29	21	18	12	20	11	10	12	26	8	11	13	7	15	12	16	14	20	11	19	13	16	9	22	11	11	9	7	15	15	10	2	9	17	21	18	12	9	8	10	14	19	10	17	4	22	11	21	3	9	15	5	21	5	19	15	18	36	14	14	15	25	10	11	7	35	12	18	24	7	27	21	7	20	9	10	11	19	7	9	19	13	10	14	20	9	11	12	9	9	23	8	6	7	13	20	16	7	13	30	14	11	13	12	22
C[T>C]C	7	20	12	12	17	4	15	29	35	8	13	20	27	21	16	14	24	7	20	9	17	35	11	16	18	23	29	14	20	10	14	13	13	8	0	21	11	29	22	4	17	17	12	7	18	11	7	8	6	14	17	22	15	28	19	7	28	9	12	12	14	23	14	15	15	20	14	23	14	21	25	28	10	27	27	15	22	5	14	26	19	13	6	9	14	10	4	22	22	7	13	17	28	7	12	27	14	38	17	11	20	2	10	24	12	32	41	23	4	25	15	31	12	17	18	19	10	20	10	13	50	7	23	36	17	22	21	8	5	17	21	7	29	16	2	6	13	19	14	14	14	24	17	18	12	20	7	33	22	8	15	11	15	20	14	18	11	21	19	15	25	23	5	10	36	15	8	27	12	17	20	17	19	13	14	33	17	11	16	33	32	9	20	12	34	24	17	8	6	11	15	11	20	28	16	25	16	5	5	24	21	26	18	8	14	15	22	23	15	24	24	25	19	23	20	7	18	27	5	26	19	4	19	8	33	17	23	20	33	34	13	13	30	24	23	24	15	32	8	2	22	20	8	15	14	12	15	30	12	25	16	25	26	19	22	19	5	14	22	16	23	19	22	16	21	26	30	20	16	26	9	28
C[T>C]G	5	16	3	4	20	13	18	18	15	6	27	18	16	11	21	31	17	4	0	3	26	22	15	11	18	21	25	7	15	18	17	15	8	18	2	16	19	14	25	12	8	17	8	10	17	8	14	11	13	12	12	11	10	11	19	17	12	19	9	24	27	21	11	9	5	20	16	25	14	21	8	21	5	14	27	17	17	16	5	9	23	22	19	33	19	17	10	24	5	12	34	19	23	18	10	18	14	16	12	11	28	10	17	19	15	23	27	17	11	13	15	15	12	12	18	15	10	18	17	6	28	9	20	23	28	22	14	15	0	26	6	25	37	12	12	21	4	9	20	18	16	17	9	13	16	9	10	15	22	11	12	15	13	6	14	24	17	16	14	27	25	29	12	22	24	13	19	36	5	17	13	13	29	18	16	24	14	10	16	23	31	14	19	12	12	28	12	10	18	17	22	15	14	22	10	26	12	12	9	13	19	31	5	19	24	8	24	11	13	24	14	15	14	25	24	3	9	37	8	17	12	27	22	10	60	13	16	18	18	26	11	13	13	16	18	12	12	19	21	5	13	13	20	6	23	14	18	19	13	19	23	18	19	28	16	18	14	29	17	12	20	13	3	14	5	18	30	20	18	17	26	26
C[T>C]T	5	16	7	20	14	19	17	29	31	14	16	20	20	23	16	19	29	16	7	12	24	33	22	18	20	15	25	23	33	23	21	24	13	13	5	16	32	23	10	18	10	12	15	8	7	13	19	11	6	28	12	7	8	19	24	9	12	21	18	18	29	27	8	15	15	4	14	25	19	18	19	16	15	23	27	22	15	16	16	9	19	38	28	18	12	34	8	27	23	25	8	19	23	18	4	29	11	31	12	16	31	29	17	20	20	18	34	19	18	18	25	28	18	14	16	12	2	20	7	13	49	16	14	28	31	14	12	17	8	27	4	28	29	20	6	11	17	4	25	24	20	24	17	9	10	20	15	11	23	6	21	32	4	15	26	18	23	13	14	18	12	13	21	32	46	15	21	25	16	33	9	17	25	21	18	33	24	13	13	16	22	17	14	16	28	41	17	15	10	18	35	15	18	17	14	25	19	10	5	15	21	16	14	21	20	6	24	22	22	22	9	17	17	21	19	13	9	39	11	20	11	27	20	18	32	13	21	20	29	21	13	8	36	30	16	23	13	35	11	7	40	18	18	6	23	23	24	24	35	19	16	25	40	26	26	26	19	8	25	26	9	17	14	19	17	24	30	14	18	31	24	26
G[T>C]A	5	9	3	8	11	2	7	22	8	12	21	9	11	6	11	12	17	7	13	5	9	7	9	9	8	5	21	7	11	8	7	20	8	3	0	7	5	9	5	10	3	7	5	7	3	5	10	11	2	7	8	13	2	8	11	7	12	7	6	6	17	6	3	9	3	6	12	5	12	10	6	5	3	2	6	2	7	8	2	11	3	9	2	4	10	9	0	15	5	14	3	10	7	7	8	16	7	7	7	16	17	5	10	8	10	9	16	8	2	7	4	8	2	6	11	10	8	20	7	10	12	7	6	8	5	12	4	8	5	5	4	5	7	4	8	4	10	6	4	10	7	12	8	7	8	9	7	4	14	2	8	10	6	6	9	6	9	5	14	12	17	10	9	7	4	6	8	10	7	20	4	8	13	6	8	22	8	6	8	7	13	6	5	6	14	7	6	8	2	15	6	6	7	6	7	8	6	8	2	8	4	9	2	12	6	6	15	6	13	7	7	8	14	16	7	13	6	15	3	8	5	8	6	4	18	7	4	8	10	7	6	8	14	6	8	16	9	13	6	5	7	9	10	6	9	9	9	13	14	11	12	7	23	11	8	5	2	8	9	0	5	11	11	8	5	7	8	11	0	6	5	11
G[T>C]C	8	7	3	12	5	4	11	18	17	14	5	16	20	13	11	17	15	7	11	5	11	22	13	13	9	10	25	4	4	10	5	9	0	3	5	21	11	18	10	12	10	10	12	2	7	16	10	9	4	7	8	13	12	8	22	7	7	2	6	6	12	9	3	6	8	8	14	5	5	10	6	7	5	10	15	7	7	11	7	8	3	11	15	2	12	19	2	19	15	2	10	7	14	5	2	20	5	16	10	5	15	10	14	8	3	2	22	10	4	5	8	15	16	6	9	5	12	13	22	4	10	13	3	10	17	14	10	10	3	10	11	13	18	6	8	6	14	11	7	8	11	22	4	4	12	11	5	7	23	3	15	11	6	9	15	13	11	0	17	15	22	17	16	13	22	11	19	11	11	18	4	12	15	11	10	16	10	10	10	11	14	15	18	16	5	15	11	10	8	12	15	15	9	8	7	6	9	7	3	8	4	19	7	8	9	11	15	14	10	15	14	15	16	9	11	7	9	18	14	14	11	12	11	14	14	8	11	12	10	15	3	7	17	2	10	12	13	29	8	2	7	15	13	6	19	10	6	9	9	8	11	12	19	6	24	12	7	12	17	8	14	4	3	6	5	11	8	18	11	15	9	15
G[T>C]G	15	20	8	12	9	10	11	13	6	11	21	9	25	6	5	15	39	24	11	10	17	13	4	16	17	3	8	18	4	16	3	9	0	8	2	11	13	12	2	16	12	22	8	3	7	5	5	6	4	19	6	13	12	21	19	2	5	5	3	12	25	15	6	11	5	16	5	9	14	14	8	14	5	16	27	2	13	5	9	15	22	4	13	13	12	14	6	15	5	16	18	13	9	5	4	20	11	18	12	5	28	12	19	22	15	11	30	17	20	11	6	8	18	12	5	9	0	6	17	12	30	13	9	10	19	18	21	17	3	17	2	16	21	12	17	17	17	13	18	12	23	12	2	16	10	11	0	15	21	3	15	13	13	9	11	8	11	13	27	21	17	10	12	15	22	15	17	17	29	25	4	10	15	13	16	12	15	30	5	17	15	20	11	14	14	13	9	6	12	12	15	11	13	17	3	25	7	10	3	9	13	9	11	6	20	11	12	11	16	22	14	8	21	14	13	13	11	33	11	17	12	2	15	29	23	7	20	22	20	18	20	3	27	14	37	10	10	40	14	0	20	7	8	12	7	10	11	16	16	15	6	21	21	19	20	14	2	19	16	8	11	21	20	16	5	11	30	18	18	22	7	20
G[T>C]T	17	13	18	31	17	17	13	23	38	12	24	25	18	34	34	27	27	13	15	19	20	20	20	20	22	21	17	34	20	31	14	13	8	29	14	34	32	23	44	24	15	12	16	7	21	18	17	9	13	26	12	22	23	28	32	15	27	19	33	18	35	19	14	40	12	20	23	25	7	13	15	18	13	31	44	17	18	16	17	11	20	20	30	7	12	29	2	22	17	18	8	12	25	11	12	25	9	33	25	16	42	7	12	22	22	28	41	27	13	22	8	21	16	14	14	22	12	26	19	17	42	20	23	23	28	34	6	8	3	20	11	21	21	16	12	15	20	11	22	6	34	27	23	22	28	37	19	24	22	6	21	15	8	26	24	16	23	23	27	41	22	15	30	25	38	21	12	34	12	30	35	24	19	30	16	28	19	22	16	20	32	18	19	32	28	21	19	21	24	24	15	11	29	20	17	32	21	12	2	19	11	29	16	23	19	14	24	20	30	29	30	27	24	21	17	18	20	32	15	26	12	21	19	29	33	20	16	20	35	20	17	11	27	18	23	35	9	32	11	20	27	11	8	11	14	17	22	19	29	29	20	27	30	39	28	14	17	25	22	20	18	19	20	21	5	35	30	43	16	30	54	45
T[T>C]A	20	7	18	12	17	10	17	18	19	15	11	11	20	13	18	15	34	13	24	5	22	27	24	14	14	15	25	22	33	21	15	13	8	8	7	18	19	21	17	12	7	5	5	5	10	18	14	22	11	21	15	13	15	11	13	15	11	12	6	10	19	6	20	15	5	14	14	18	5	18	10	14	18	16	17	15	15	11	12	19	18	18	17	20	12	19	8	29	17	14	18	17	18	14	4	31	14	23	27	8	18	10	17	12	15	9	19	21	4	14	13	18	8	14	14	15	12	7	10	13	32	14	23	17	36	24	29	17	2	24	11	18	25	16	6	13	14	17	27	14	14	17	21	13	12	7	17	15	21	10	12	17	10	10	11	13	6	23	19	27	22	15	14	28	22	23	12	17	18	25	19	13	38	13	6	24	14	10	14	16	13	14	19	22	12	17	12	10	28	11	15	11	22	20	14	30	16	13	5	8	13	14	14	29	13	17	10	16	19	15	17	19	22	11	11	13	18	22	12	16	16	17	20	12	29	14	29	20	22	11	10	11	27	20	14	19	12	43	17	9	33	13	5	11	9	14	9	21	23	15	12	21	26	21	26	16	10	23	22	10	5	23	17	23	9	18	21	30	15	20	16	22
T[T>C]C	5	7	10	12	20	13	10	9	15	9	5	2	18	21	3	15	24	13	18	12	9	20	13	11	18	26	8	14	24	10	12	18	8	10	5	14	11	20	10	26	17	14	8	5	6	13	10	8	9	14	17	13	8	19	15	11	18	16	12	14	25	11	8	11	2	10	23	9	24	10	15	16	10	17	28	15	22	16	14	6	18	15	6	7	17	26	8	22	7	16	8	13	23	11	4	16	11	18	2	11	15	10	23	22	10	12	27	8	9	14	15	15	10	11	7	9	8	15	10	10	18	9	17	18	26	30	16	10	0	22	10	10	16	10	6	9	11	13	13	6	12	19	19	7	8	4	15	20	16	8	15	23	10	9	11	22	11	13	10	15	30	10	16	22	28	11	10	19	12	27	10	12	17	11	14	37	17	11	13	17	10	15	8	8	12	17	8	11	22	9	26	11	18	8	10	26	18	12	5	9	17	17	9	21	10	11	10	14	15	14	10	10	22	12	7	12	15	25	8	10	10	6	19	8	20	11	7	12	21	7	6	3	22	12	10	10	9	13	13	9	20	16	20	8	18	12	7	19	9	17	9	25	17	21	22	16	5	10	11	10	4	17	8	14	2	13	23	11	16	15	12	12
T[T>C]G	13	7	3	6	9	4	18	9	17	15	13	16	20	11	11	23	22	22	13	9	13	20	13	7	14	15	0	23	15	10	3	13	8	16	2	7	8	20	12	16	5	7	5	3	6	0	2	9	8	9	6	7	2	9	15	7	5	12	3	14	6	15	6	4	2	10	12	9	9	14	10	14	8	19	11	12	12	8	10	11	27	18	11	7	31	7	4	17	8	12	10	7	23	12	14	16	7	10	17	22	9	5	6	10	7	14	27	8	13	5	10	15	10	8	7	7	10	17	10	6	7	9	6	17	19	12	8	4	3	19	6	11	23	10	10	17	11	15	18	8	12	15	13	9	8	7	17	17	8	8	12	19	10	11	12	14	28	10	19	6	10	8	26	5	20	17	12	17	14	17	6	12	13	8	24	14	7	10	6	10	10	14	18	10	14	9	6	8	20	12	13	4	7	13	10	15	13	5	5	8	13	19	7	8	13	6	4	9	21	17	19	13	25	14	9	15	17	20	9	10	15	10	19	10	24	14	16	18	14	13	9	10	19	12	8	16	6	27	8	5	9	5	3	5	19	14	13	19	10	13	5	14	19	13	6	18	9	10	11	8	14	2	11	8	5	11	27	14	7	11	9	11
T[T>C]T	17	24	15	22	25	35	24	22	33	14	29	22	22	15	39	21	34	22	31	23	39	38	17	27	18	21	37	18	50	18	17	22	4	16	9	16	13	25	37	24	15	14	7	8	13	34	10	13	15	26	27	18	19	11	41	20	39	26	27	20	25	17	25	30	8	12	33	25	12	29	13	14	38	25	27	17	31	22	19	13	19	27	19	22	19	27	6	32	17	23	16	24	25	11	10	34	7	35	17	32	29	19	29	15	25	28	39	23	29	27	8	21	18	18	14	17	27	22	12	19	40	31	23	15	31	28	23	13	3	17	13	23	21	43	12	13	22	24	38	20	23	29	34	22	16	22	19	15	45	14	31	21	21	27	26	27	31	26	29	44	20	25	26	28	42	27	19	29	21	22	30	25	40	16	24	41	24	24	22	24	24	15	24	32	36	22	29	25	20	16	32	25	27	38	12	30	33	12	14	23	19	19	18	23	23	14	31	30	36	31	30	27	25	29	21	15	30	28	21	22	19	10	26	16	48	18	39	44	30	21	10	15	36	44	29	31	19	45	21	23	27	13	18	17	21	19	22	44	35	27	31	20	25	36	38	33	16	33	38	22	27	19	34	27	12	38	40	27	22	28	24	42
A[T>G]A	2	4	3	6	6	6	6	13	4	5	5	2	11	6	5	2	10	7	4	10	4	15	7	2	6	5	4	4	7	3	5	4	0	5	0	5	8	12	10	2	5	7	5	3	7	5	7	9	4	2	6	4	6	8	4	6	12	7	3	10	6	4	3	6	0	6	7	7	5	2	2	5	5	4	9	0	5	0	3	6	3	7	8	2	9	3	6	12	5	9	5	5	7	4	8	7	2	15	2	8	8	2	4	10	7	5	6	6	4	13	2	8	8	3	4	7	6	6	2	4	13	13	6	7	14	14	10	4	0	15	8	7	4	6	0	11	7	4	7	8	2	5	4	5	6	4	7	7	14	3	8	6	2	11	5	3	6	5	5	3	7	6	14	3	12	4	8	8	5	17	7	5	6	5	6	10	7	3	6	9	8	3	6	8	9	9	3	8	12	1	6	8	7	5	3	13	3	3	2	8	8	10	4	8	6	6	7	5	6	8	4	4	6	7	7	5	6	13	3	5	5	8	19	2	9	10	5	7	10	8	3	2	10	14	10	7	3	8	6	5	7	5	5	2	12	9	9	6	7	8	14	9	9	6	4	7	2	2	14	6	7	8	3	0	2	7	6	5	9	15	5	11
A[T>G]C	2	4	0	6	0	2	3	4	6	3	3	2	2	4	5	4	5	4	4	2	4	3	4	0	2	5	4	0	2	5	7	2	4	0	0	2	8	4	2	2	0	0	0	3	1	0	2	3	4	2	0	0	0	4	9	2	0	2	6	0	4	6	6	0	2	4	2	2	2	2	2	0	3	4	6	2	5	0	2	4	3	9	2	0	3	0	0	2	3	7	0	2	4	4	0	9	2	2	5	3	3	2	2	3	5	2	6	2	2	5	0	8	10	3	4	3	2	7	0	0	5	2	6	5	2	0	0	2	0	3	6	2	5	2	0	0	6	2	2	0	5	5	4	2	4	2	0	0	1	2	0	2	2	1	3	6	0	3	5	0	0	6	2	0	6	0	4	2	2	0	1	0	4	3	2	2	7	2	5	4	4	2	4	2	16	4	3	0	2	1	7	4	0	0	2	4	3	0	2	6	8	3	2	6	1	3	1	3	0	1	6	0	5	2	0	2	3	10	2	5	3	4	2	4	6	0	4	7	3	3	3	3	6	8	4	3	0	3	3	0	5	0	5	2	4	3	6	0	0	0	6	0	4	2	8	2	0	4	2	0	4	0	3	0	2	4	4	2	5	6	5	2
A[T>G]G	7	9	3	4	6	0	6	2	13	3	5	11	16	6	8	8	12	4	11	3	13	15	13	2	6	0	4	7	9	3	10	9	4	5	2	9	11	16	2	2	3	2	7	2	6	11	0	2	0	12	2	7	2	13	15	7	16	12	15	10	0	0	6	8	7	2	19	5	5	5	4	7	5	17	8	5	3	8	2	8	5	4	2	0	3	5	4	12	7	9	8	0	2	7	2	13	5	12	12	8	9	0	10	14	7	12	13	13	9	11	10	3	10	6	5	9	10	15	10	12	12	9	3	10	14	18	6	2	2	12	0	18	7	8	4	4	9	11	7	6	5	12	17	7	6	7	0	9	12	3	8	6	10	3	11	8	3	8	14	24	2	8	14	10	18	10	8	8	9	12	3	12	10	6	10	16	5	11	6	13	8	9	4	16	0	13	6	8	16	7	15	4	7	14	2	8	7	3	5	6	13	10	7	6	7	15	1	6	3	7	13	2	3	14	11	3	9	8	12	10	3	6	6	8	17	13	7	8	4	8	7	5	10	8	12	9	6	3	6	0	9	9	13	2	11	3	4	8	7	6	9	4	19	4	2	11	5	8	3	4	5	4	8	2	3	13	15	9	9	7	2	12
A[T>G]T	3	2	0	18	9	8	7	11	17	11	11	13	7	11	5	8	24	7	9	12	9	12	11	5	15	13	4	11	17	10	7	2	0	3	0	7	3	7	2	6	7	5	5	0	8	8	5	5	8	9	12	7	2	11	11	7	9	5	9	10	12	4	11	2	7	14	3	7	7	8	6	7	10	12	4	5	7	8	2	6	16	9	6	7	7	5	4	17	3	9	8	8	12	5	4	9	4	12	10	8	12	2	4	10	15	11	17	2	9	11	10	13	4	6	2	9	4	6	5	12	15	7	9	10	5	18	0	4	3	9	10	8	7	2	0	4	13	4	11	6	9	0	9	11	10	7	7	11	10	8	6	11	8	4	14	11	11	10	2	15	7	4	7	12	20	8	6	8	9	12	9	7	6	5	10	14	12	8	8	6	10	8	8	20	11	11	9	6	16	4	13	8	5	17	9	19	12	2	3	8	11	5	5	15	7	6	15	11	9	6	7	8	13	9	12	7	8	17	5	12	3	2	8	12	21	6	9	13	9	10	6	7	17	6	8	7	7	13	8	5	7	7	15	8	12	7	11	11	10	10	16	18	6	9	10	7	7	12	11	8	0	11	11	6	5	11	11	9	0	2	0	9
C[T>G]A	2	4	0	6	6	8	1	0	8	8	3	7	4	2	8	2	12	4	0	7	0	7	0	5	3	5	0	5	7	8	5	2	13	0	0	2	3	4	2	4	2	0	7	2	0	5	0	2	4	7	8	9	2	4	9	2	7	0	3	4	0	8	3	2	2	6	9	5	9	2	0	5	8	4	8	2	12	0	0	4	1	4	4	0	7	3	0	5	2	9	5	2	9	7	2	7	0	7	5	0	5	0	10	10	3	5	6	4	0	2	4	5	2	2	4	3	0	0	5	2	7	5	6	7	9	8	2	0	2	9	4	8	7	4	6	0	7	2	13	4	2	2	6	5	0	2	0	7	3	2	0	0	2	4	5	0	6	3	17	3	5	10	2	3	8	0	4	4	2	5	1	2	10	3	6	4	5	3	5	4	7	8	3	4	4	4	5	4	6	1	4	2	0	9	5	4	3	3	2	4	6	7	4	4	0	3	3	8	1	3	3	6	5	9	3	2	0	7	6	7	0	4	6	2	5	0	9	8	5	5	3	5	3	2	4	12	3	0	0	0	16	4	5	3	4	0	6	5	4	4	0	5	2	2	6	7	5	6	8	2	0	2	6	6	2	4	0	5	4	6	5	3
C[T>G]C	5	4	5	4	2	6	3	5	2	5	11	2	2	4	5	6	5	0	4	0	7	7	4	5	5	3	0	13	0	5	3	2	0	3	0	5	11	5	5	0	2	2	5	0	0	0	2	0	2	5	2	4	4	9	0	4	5	0	3	6	10	2	0	6	0	4	7	18	2	2	2	2	5	2	13	5	8	5	7	0	5	4	4	2	7	5	2	3	2	5	3	3	9	4	2	7	2	2	5	5	14	2	2	2	2	0	5	0	0	2	4	8	6	5	2	5	0	4	7	4	7	2	6	5	2	4	6	2	0	5	4	3	5	6	6	9	3	4	4	4	7	5	4	11	2	6	5	0	3	3	6	4	0	0	2	2	6	5	10	0	5	13	5	3	4	8	4	4	12	7	9	7	6	8	4	2	5	5	6	3	10	2	3	6	4	7	3	6	4	5	11	6	2	8	3	8	4	2	2	6	9	7	2	10	9	2	3	5	10	7	13	4	5	9	7	5	3	5	2	0	5	2	0	2	11	3	7	7	14	0	3	3	9	10	8	0	3	5	2	7	2	0	5	0	11	5	7	5	4	2	2	7	6	6	2	2	5	2	11	2	0	4	3	10	2	4	13	2	4	2	7	5
C[T>G]G	3	11	2	0	5	10	7	13	10	6	8	2	11	11	3	12	17	7	4	9	13	25	4	0	6	5	17	14	13	5	9	2	8	5	2	11	5	16	12	12	8	2	8	3	7	5	5	3	13	2	10	11	15	11	15	4	5	9	6	12	19	4	3	17	5	4	9	11	0	8	8	12	3	14	9	0	8	11	3	2	13	0	4	11	9	3	4	17	13	14	5	8	7	2	6	11	7	16	5	22	14	0	6	14	3	11	16	6	4	9	6	7	6	6	11	15	2	2	5	6	22	11	9	15	9	10	6	4	0	10	4	3	11	10	6	9	4	19	13	4	11	7	17	4	2	4	0	11	11	2	4	8	4	6	11	11	0	5	7	12	7	2	14	5	10	6	10	17	11	28	7	2	15	3	12	14	10	11	6	11	11	6	14	4	5	6	3	6	6	2	6	11	11	17	10	4	1	5	2	9	9	10	5	10	13	8	12	3	15	10	14	17	11	16	12	5	8	12	8	8	11	4	9	10	15	1	5	12	4	5	4	10	7	12	6	14	7	21	8	7	11	13	8	2	7	5	18	3	4	4	11	21	17	9	12	12	5	14	13	2	4	11	6	6	10	11	4	5	9	11	2	17
C[T>G]T	3	5	2	22	12	25	20	20	38	20	21	9	20	34	21	14	39	7	22	12	13	47	7	7	46	21	25	23	24	21	12	7	4	8	9	21	16	14	30	6	5	10	3	7	16	5	5	14	8	7	8	15	17	13	28	6	12	5	18	24	19	6	14	15	7	14	10	9	2	19	13	7	10	19	13	15	22	13	21	4	20	29	13	11	10	21	8	37	12	21	10	12	21	16	8	13	4	21	17	8	20	7	6	25	15	9	19	13	18	7	12	26	16	6	4	14	12	13	15	6	30	5	11	17	26	26	23	4	15	14	29	5	30	4	10	2	13	7	32	6	14	12	17	16	8	4	17	22	21	10	8	10	10	18	17	10	3	31	27	35	2	27	28	22	44	17	10	21	9	18	9	17	10	16	16	24	15	22	5	17	29	20	18	6	16	21	12	4	4	10	19	11	13	18	7	21	9	7	5	6	25	16	2	19	3	2	39	22	6	6	17	17	14	12	11	5	12	60	8	10	14	10	14	21	17	6	16	17	27	18	9	8	39	24	18	9	7	27	8	0	42	16	13	11	33	12	13	5	22	15	11	23	25	9	18	7	14	8	24	10	9	13	11	43	2	24	21	14	15	15	14	14
G[T>G]A	0	2	0	6	3	4	1	5	2	5	11	2	7	2	3	6	0	0	0	2	9	5	0	5	3	8	0	4	4	3	5	7	4	0	0	7	3	4	0	2	2	2	3	3	3	0	0	0	0	2	2	0	4	0	4	4	2	2	0	4	2	4	6	2	2	2	2	0	2	5	2	7	5	8	6	0	2	5	0	0	1	0	0	2	3	5	2	7	0	2	3	5	2	0	2	7	4	5	2	0	5	2	4	3	0	2	3	2	4	5	2	3	4	0	7	5	2	2	12	6	10	2	0	0	2	2	2	0	0	5	0	2	2	4	4	4	3	2	4	0	0	0	4	4	4	2	2	4	3	0	6	2	2	6	3	2	3	8	5	6	2	2	5	3	2	2	2	6	4	5	1	2	2	3	8	6	0	2	3	1	3	2	3	2	5	2	2	2	6	2	6	0	0	0	2	4	3	0	3	0	6	7	4	4	1	2	1	5	1	0	6	2	5	4	5	2	0	5	3	1	3	8	3	4	5	0	4	7	4	2	4	0	3	6	6	5	4	8	6	5	7	0	0	0	5	2	2	6	1	0	2	4	0	4	2	2	2	6	6	2	5	8	8	6	3	7	6	5	4	9	0	6
G[T>G]C	0	2	2	0	3	4	1	0	6	5	3	2	7	2	3	0	5	2	2	2	0	2	0	0	0	8	4	0	0	0	2	7	0	0	2	0	3	4	5	0	0	0	2	0	1	0	0	3	0	5	0	4	0	2	4	0	0	2	0	4	2	0	0	2	2	2	0	0	5	5	0	2	5	4	6	0	3	0	5	2	4	0	0	0	0	2	0	0	2	2	3	2	5	4	0	2	0	2	2	3	0	0	2	3	3	2	2	2	0	0	0	5	4	0	4	2	0	0	5	2	2	0	6	0	2	0	0	4	0	2	4	0	0	2	0	0	7	2	2	2	4	0	0	2	2	0	0	4	3	0	2	0	0	0	6	2	3	3	2	0	0	2	2	0	2	2	0	0	2	3	4	2	4	3	4	6	2	0	2	4	1	5	0	2	2	2	0	2	2	5	4	2	2	3	2	2	3	0	0	0	0	2	2	8	4	3	0	2	1	3	3	4	11	2	3	3	0	2	2	3	1	0	2	0	3	3	2	2	1	5	4	0	1	4	4	0	1	3	0	0	2	0	0	0	7	3	4	2	1	2	0	5	4	0	2	0	5	4	3	10	0	4	0	4	0	7	2	2	4	2	0	2
G[T>G]G	5	2	3	6	8	12	3	14	10	5	0	13	11	2	18	14	7	2	2	3	4	10	2	7	18	5	4	11	13	18	5	0	8	3	5	5	16	4	2	4	2	2	7	7	8	5	2	2	6	2	6	2	2	2	13	2	11	9	0	2	4	2	11	0	2	14	12	11	2	8	2	12	5	0	4	5	2	5	5	11	13	4	4	7	9	3	12	12	3	5	3	8	12	9	8	20	2	15	5	3	2	0	2	10	3	11	8	4	4	13	2	3	4	3	5	10	0	6	0	10	15	2	3	8	19	22	6	6	0	3	6	2	11	2	0	11	10	4	18	4	0	5	4	4	12	2	5	4	8	5	6	6	0	8	8	13	3	8	12	15	7	10	2	10	8	6	2	4	4	13	13	15	13	2	6	16	10	19	5	17	11	20	10	10	5	11	8	11	12	4	2	13	4	8	9	6	12	2	5	9	0	10	9	6	9	2	3	5	9	3	11	2	6	2	8	10	3	8	14	9	4	4	5	4	9	4	7	10	8	8	7	8	10	14	6	10	4	8	5	2	7	7	5	11	7	10	13	2	10	11	3	7	4	4	18	2	2	6	9	4	4	2	8	12	9	9	6	9	4	6	7	9
G[T>G]T	0	5	2	4	5	13	1	20	15	8	16	0	13	13	18	6	15	11	7	2	11	22	7	2	22	3	4	4	11	8	5	7	0	3	5	14	0	11	7	6	3	7	7	3	1	3	7	3	13	5	4	9	0	2	6	11	7	0	3	12	6	2	3	2	7	2	5	2	5	13	4	5	5	8	19	7	7	8	12	2	9	18	6	7	2	3	4	8	3	12	5	8	11	0	4	2	7	15	0	11	14	2	2	12	3	5	13	10	4	4	2	13	4	8	5	7	6	11	2	6	27	13	6	13	7	8	12	4	5	10	6	8	14	2	2	4	11	2	13	6	5	10	8	7	2	0	10	7	8	2	2	2	0	4	5	2	17	10	12	15	5	4	16	10	14	6	8	11	4	5	10	7	13	6	6	12	2	3	3	6	18	11	9	6	5	9	8	4	2	2	13	6	7	8	3	8	3	5	0	4	11	7	4	6	4	6	12	9	12	10	4	6	16	7	9	5	5	25	3	13	7	8	12	12	11	7	5	8	9	11	7	5	14	0	8	2	1	21	6	5	13	13	5	5	12	5	7	6	9	2	12	9	15	4	8	9	10	17	8	0	2	8	8	10	2	11	11	9	2	7	7	6
T[T>G]A	3	5	0	6	3	6	1	13	13	5	5	9	11	8	11	6	7	4	4	5	13	12	4	11	11	5	4	5	2	5	5	7	4	5	2	12	3	7	5	4	0	10	8	3	10	5	10	6	4	9	6	4	2	6	6	2	5	7	9	10	4	4	3	6	2	12	12	5	0	3	4	2	3	6	17	5	7	3	9	4	8	2	17	2	10	2	6	10	2	12	5	8	7	4	4	20	4	8	5	3	8	5	2	8	5	0	14	4	7	4	6	3	8	6	2	3	2	11	2	6	17	7	14	5	5	12	2	0	3	7	6	7	4	4	4	9	6	4	11	6	5	0	6	5	8	7	7	4	10	3	4	6	2	4	8	10	3	5	12	9	5	4	7	5	10	8	8	13	5	8	7	5	8	6	8	16	3	3	6	6	4	5	4	6	5	7	12	6	4	4	15	0	7	6	2	4	1	5	2	4	6	2	0	10	4	8	4	5	13	8	1	6	11	4	11	5	2	12	12	9	10	4	14	6	17	7	13	7	3	3	7	3	9	12	6	16	4	11	5	7	15	4	10	3	4	3	4	6	6	8	5	20	8	6	6	7	0	4	3	4	4	0	6	6	3	5	6	7	7	7	9	3
T[T>G]C	2	2	0	6	0	2	3	0	4	2	0	4	0	4	3	2	2	2	2	2	0	5	2	0	5	3	0	4	2	3	0	9	0	0	2	4	0	7	2	4	2	2	0	3	4	0	5	3	0	2	0	4	0	4	6	0	2	0	0	6	2	0	0	8	0	0	2	2	0	0	0	0	3	4	2	0	5	0	2	4	3	9	0	0	3	2	0	3	2	2	0	0	2	2	0	4	0	2	2	11	3	2	2	5	0	4	6	2	0	7	0	5	6	2	0	2	2	0	0	2	5	2	3	0	2	6	2	2	0	3	2	7	7	0	2	6	3	2	7	0	5	7	4	0	6	2	2	0	5	0	6	0	4	4	2	3	6	3	2	6	0	4	5	5	6	6	6	6	2	8	4	2	4	6	4	4	5	3	2	1	3	2	1	6	0	4	2	6	4	0	4	4	2	6	0	0	4	0	2	0	2	3	2	2	1	0	4	3	4	1	3	6	0	4	0	2	0	7	5	9	4	0	3	0	6	4	4	7	4	2	3	0	4	4	2	3	0	0	0	0	5	0	0	3	5	0	2	6	4	4	3	9	8	0	8	9	0	4	6	0	0	6	0	2	5	4	2	7	5	2	2	2
T[T>G]G	13	5	5	12	3	13	6	11	15	9	8	9	4	0	5	8	15	4	7	2	9	25	11	13	15	5	0	5	4	5	10	15	0	3	0	11	8	7	10	14	8	7	7	2	11	3	2	3	11	2	8	9	8	9	6	6	4	5	6	12	14	4	3	9	3	6	12	2	0	6	8	16	5	17	8	2	7	3	5	6	5	9	8	7	10	7	2	14	0	7	5	17	9	7	6	7	2	15	7	16	12	5	4	8	7	11	11	10	11	7	4	8	12	3	9	2	8	9	2	2	22	7	0	13	5	14	6	10	6	12	6	8	14	8	6	15	11	2	11	0	11	7	26	2	2	2	7	7	4	14	4	2	6	4	8	11	6	8	10	12	2	8	9	7	4	6	4	8	4	8	12	2	13	6	4	10	8	8	2	10	7	9	4	8	11	9	6	4	14	9	9	11	14	8	5	6	7	2	2	4	4	9	7	6	7	5	7	8	10	11	10	6	14	9	5	5	3	8	14	7	11	4	5	4	15	8	4	10	7	8	7	7	16	16	4	19	3	11	6	2	13	4	8	8	11	5	9	9	12	8	8	18	8	2	6	9	3	10	3	8	5	4	11	6	7	9	2	9	5	6	7	11
T[T>G]T	5	11	7	25	11	12	10	16	23	12	5	16	18	32	8	19	29	11	13	17	22	50	17	5	20	21	33	14	13	21	19	9	13	13	9	20	13	7	15	14	18	7	10	7	11	8	7	6	9	9	15	9	4	21	9	9	16	9	24	18	17	21	17	11	7	22	21	11	7	14	15	12	8	17	21	10	25	11	12	13	19	11	13	9	24	17	12	24	8	25	3	5	23	14	6	31	7	13	12	13	25	5	12	12	20	12	28	15	18	16	21	25	12	12	7	10	12	18	17	10	45	7	14	18	28	18	14	10	5	12	15	21	25	14	8	17	24	6	22	10	16	5	11	18	12	7	17	11	18	11	12	25	2	14	17	16	11	10	19	35	20	11	21	22	40	8	14	19	11	18	15	15	19	13	20	22	12	14	8	11	27	18	13	24	12	15	12	8	18	12	19	17	11	38	9	19	15	7	7	9	15	12	14	21	13	9	24	8	19	11	14	25	24	25	11	7	18	35	15	14	15	4	14	21	26	10	16	12	13	21	6	8	45	20	23	24	6	45	13	11	33	9	23	3	21	12	13	8	19	11	20	16	19	19	32	18	14	19	22	8	12	13	6	14	3	24	40	18	13	15	14	25
