MutationType	PD42581c_ds0013	PD42882c_ds0008	PD42884c	PD42885c_ds0021	PD42886c	PD42887c_ds0010	PD42890c	PD42891c	PD42893c_ds0012	PD42894c_ds0009	PD42895c	PD42897c	PD42898c	PD42899c	PD42903c	PD42904c	PD42905c_ds0013	PD46710c_ds0008	PD46721c	PD46724c	PD46738c	PD46743c	PD46744c	PD46748c	PD46750c	PD46770c	PD46799c	PD46800c	PD46819c	PD46820c	PD46834c	PD46836c	PD46838c	PD46839c	PD46841c	PD46842c	PD46858c	PD46859c	PD46860c_ds0005	PD46866c_ds0007	PD46868c_ds0007	PD46869c	PD46873c	PD46875c	PD46882c	PD46885c_ds0003	PD46891c_ds0012	PD46903c	PD46911c	PD46914c	PD46920c	PD46922c	PD46925c	PD46930c	PD46935c	PD46941c	PD46948c	PD46953c	PD46955c	PD46959c	PD46960c	PD46961c	PD46963c	PD47586c_ds0007	PD47592c_ds0003	PD47596c_ds0006	PD48851c	PD48852c	PD48855c	PD48859c	PD48864c	PD48865c	PD48866c	PD48867c	PD48868c	PD48869c_ds0005	PD48871c	PD48872c	PD48873c	PD48875c	PD48942c	PD48943c	PD50084c	PD50085c	PD50135c	PD50137c	PD50143c	PD50147c	PD50153c_ds0006	PD50160c	PD50161c	PD50164c	PD50165c_ds0009	PD50166c	PD50167c	PD50168c_ds0008	PD50171c_ds0013	PD50187c	PD50196c	PD50201c	PD50425c	PD50444c	PD50610c	PD50620c	PD50621c	PD50622c	PD50625c	PD50627c	PD50629c	PD50630c_ds0003	PD50634c	PD50637c	PD51187c	PD51213c_ds0006	PD51219c	PD51224c	PD51225c	PD51227c_ds0009	PD51239c	PD51254c	PD51255c	PD51256c	PD51260c	PD51262c	PD51264c	PD51266c	PD51267c	PD51269c_ds0007	PD51271c	PD51273c	PD51274c	PD51276c	PD51285c_ds0013	PD51290c	PD51293c	PD51385c_ds0014	PD51389c	PD51510c	PD51511c	PD51514c	PD51518c	PD51521c	PD51522c	PD51525c	PD51526c_ds0006	PD51532c	PD51534c	PD51536c	PD51540c	PD51541d	PD51542c	PD51544d_ds0011	PD51545c	PD51546c	PD51557c	PD51559c	PD51560c	PD51566c	PD51567c	PD51569c	PD51579c	PD51582c	PD51583c	PD51584c	PD51585c	PD51586c	PD51587c	PD51589c	PD51590c	PD51591c	PD51598c	PD51599c	PD51638c	PD51639c	PD51640c	PD51642c_ds0006	PD51643c	PD51644c	PD51646c	PD51651c	PD51652c	PD51654c	PD51658c	PD51661c	PD51667c_ds0006	PD51682c_ds0006	PD51695c_ds0005	PD51697c_ds0004	PD51702c_ds0007	PD51705c_ds0007	PD51715c	PD51717c	PD51718c	PD51720c	PD51721c	PD51723c	PD51737c_ds0006	PD51742c	PD51815c	PD51816c	PD51823c	PD52595b_ds0001	PD52596b_ds0001	PD52597b_ds0001	PD52598b_ds0001	PD52599b_ds0001	PD52600b_ds0001	PD52601b_ds0001	PD52602b_ds0001	PD52603b_ds0001	PD52604b_ds0001	PD52605b_ds0001	PD52606b_ds0001	PD52607b_ds0001	PD52608b_ds0001	PD52609b_ds0001	PD52610b_ds0001	PD52611b_ds0001	PD52612b_ds0001	PD52613b_ds0001	PD52614b_ds0001	PD52615b_ds0001	PD52616b_ds0001	PD52617b_ds0001	PD52618b_ds0001	PD52619b_ds0001	PD52620b_ds0001	PD52621b_ds0001	PD52622b_ds0001	PD52623b_ds0001	PD52624b_ds0001	PD52625b_ds0001	PD52626b_ds0001	PD52627b_ds0001	PD52628b_ds0001	PD52629b_ds0001	PD52630b_ds0001	PD52631b_ds0001	PD52632b_ds0001	PD52633b_ds0001	PD52634b_ds0001	PD52635b_ds0001	PD52636b_ds0001	PD52637b_ds0001	PD52638b_ds0001	PD52640b_ds0001	PD52641b_ds0001	PD52642b_ds0001	PD52643b_ds0001	PD52644b_ds0001	PD52645b_ds0001	PD52646b_ds0001	PD52647b_ds0001	PD52648b_ds0001	PD52649b_ds0001	PD53852b_ds0001	PD53853b_ds0001	PD53854b_ds0001	PD55504b_ds0001	PD55505b_ds0001	PD55506b_ds0001	PD55507b_ds0001	PD55508b_ds0001	PD55509b_ds0001	PD55510b_ds0001	PD55511b_ds0001	PD55512b_ds0001	PD55513b_ds0001	PD55514b_ds0001	PD55515b_ds0001	PD55516b_ds0001	PD55517b_ds0001	PD55519b_ds0001	PD55520b_ds0001	PD55521b_ds0001	PD55523b_ds0001	PD55524b_ds0001	PD55525b_ds0001	PD55526b_ds0001	PD55527b_ds0001	PD55528b_ds0001	PD55529b_ds0001	PD55530b_ds0001	PD55531b_ds0001	PD55532b_ds0001	PD55533b_ds0001	PD55534b_ds0001	PD55535b_ds0001	PD55536b_ds0001	PD55537b_ds0001	PD55538b_ds0001	PD55539b_ds0001	PD55540b_ds0001	PD55541b_ds0001	PD67534b	PD67535b	PD67536b	PD67537b	PD67538b	PD67539b	PD67540b	PD67541b	PD67542b	PD67543b	PD67544b	PD67545b	PD67546b	PD67547b	PD67548b	PD67549b	PD67550b	PD67551b	PD67552b	PD67553b	PD67554b	PD67555b	PD67556b	PD67557b	PD67558b	PD67560b	PD67561b	PD67563b
A[C>A]A	56	61	57	57	95	91	139	73	65	156	67	112	88	101	56	53	100	72	42	28	62	102	82	69	38	59	30	47	21	15	54	62	38	44	78	139	54	46	145	88	92	67	28	45	70	111	113	71	26	53	47	55	72	86	59	36	86	99	75	73	65	68	109	22	55	71	79	161	73	72	34	50	60	30	34	69	43	75	70	77	52	101	27	53	71	32	23	55	40	37	36	74	46	58	76	58	23	48	36	31	61	53	54	62	54	79	68	43	47	80	47	56	68	72	69	60	68	34	50	79	77	53	65	59	87	44	64	50	39	50	49	65	43	23	57	85	76	58	92	67	75	59	68	79	55	92	59	42	79	31	94	103	35	106	39	65	56	103	55	34	68	48	55	31	71	46	52	65	36	39	56	39	66	58	76	55	48	42	39	39	37	69	29	46	33	78	105	47	58	27	51	44	68	23	56	49	64	50	61	79	76	35	24	56	52	49	52	42	41	73	87	59	77	93	84	64	49	90	86	118	27	41	50	60	94	53	29	37	32	35	44	52	59	64	136	79	77	128	32	35	29	35	62	45	48	44	58	48	72	79	33	54	96	58	42	81	71	86	29	55	35	53	35	55	70	49	42	43	82	36	93	52	18	56	54	66	33	72	58	90	43	16	54	52	65	46	57	60	46	77	88	66	77	44	64	74	50	42	40	34	44	53	68	28	90	55	81	75	30	34	23	50	45	61	54	45	31	45	23	34	33	73
A[C>A]C	33	61	40	26	30	61	74	36	42	67	36	78	39	60	29	26	69	31	12	23	33	52	34	50	24	37	14	9	19	15	25	24	16	17	48	92	14	34	59	42	92	36	25	30	34	43	47	47	38	13	24	46	29	50	33	33	41	50	45	40	41	42	39	7	34	32	48	189	51	34	24	39	31	15	25	28	23	50	34	26	35	79	27	21	43	12	21	45	11	30	14	40	8	22	44	18	14	29	20	23	32	24	47	27	31	44	22	39	23	70	17	26	48	66	30	24	34	42	32	35	52	33	21	40	45	29	33	23	37	20	24	32	19	16	28	75	52	35	35	44	35	31	35	49	16	68	47	29	44	21	69	59	39	53	22	32	30	48	33	25	26	31	17	16	19	16	17	22	20	46	67	30	38	31	34	35	29	24	17	19	31	26	21	24	23	30	33	27	25	18	25	34	56	17	35	37	64	25	37	37	44	15	8	33	42	30	35	33	23	28	43	33	48	26	52	32	24	35	44	67	18	31	26	42	47	25	14	23	22	20	34	33	43	40	84	57	43	67	19	12	19	23	29	24	23	27	30	21	48	39	29	24	43	32	28	58	44	41	14	31	30	30	21	37	23	29	14	26	60	16	39	32	11	28	28	22	28	23	21	35	21	13	38	41	22	29	34	34	26	43	38	35	31	24	47	41	20	12	17	30	31	23	26	20	28	42	18	36	18	15	15	13	25	19	31	19	17	22	17	17	26	29
A[C>A]G	0	9	24	5	11	8	32	11	14	18	14	18	6	18	5	6	6	10	1	6	8	13	5	1	5	8	6	5	2	1	23	10	6	2	14	25	7	6	36	14	23	14	8	18	6	24	19	6	8	9	11	10	2	14	6	18	7	9	5	13	5	10	24	4	8	18	7	31	1	7	1	6	13	6	5	0	6	4	17	12	7	16	5	14	13	5	4	4	6	7	11	16	8	14	8	4	9	12	4	1	2	7	12	5	12	14	8	6	4	5	4	10	12	11	13	10	8	0	9	15	19	4	8	6	8	5	7	8	5	6	9	17	5	4	2	35	19	11	24	5	12	13	10	23	8	16	12	13	13	5	11	5	20	13	6	11	5	22	15	1	21	9	5	6	5	12	6	17	8	5	8	13	16	7	12	11	5	10	7	5	6	8	7	6	0	6	29	20	5	0	11	10	11	6	16	18	8	11	10	8	16	8	4	10	15	7	3	8	5	14	14	7	14	16	13	13	10	8	2	15	0	4	17	6	10	6	7	7	1	8	12	8	7	14	16	10	15	18	8	0	3	9	7	7	8	7	10	0	11	21	7	11	10	7	5	21	11	16	9	9	7	11	13	13	8	11	5	4	9	6	11	9	4	9	14	7	12	7	4	3	8	4	2	7	7	5	4	13	3	8	12	18	9	13	12	22	2	2	5	2	2	14	2	6	2	7	9	9	6	9	6	4	6	11	13	6	2	9	17	3	3	23
A[C>A]T	14	43	24	42	42	53	99	29	37	71	57	79	57	42	30	22	50	41	22	20	36	49	41	34	21	27	17	17	26	10	25	27	30	25	37	66	52	38	55	50	46	32	22	26	40	82	19	33	31	14	37	46	33	53	33	33	41	59	33	28	24	45	54	22	42	57	57	89	45	45	15	26	33	17	26	42	22	51	33	46	26	52	22	30	32	30	17	31	62	28	24	28	21	34	70	53	23	26	23	13	35	35	35	30	50	33	33	24	28	49	27	30	40	83	32	31	39	29	28	36	33	25	33	31	38	33	45	35	24	38	21	26	29	13	25	35	41	31	38	40	33	41	41	58	63	70	35	29	51	45	59	54	25	48	17	18	27	51	29	20	40	33	22	23	40	24	23	17	36	27	48	25	42	29	46	40	30	29	30	20	27	26	22	19	23	18	62	20	8	39	40	50	31	20	31	44	47	26	37	25	38	29	27	27	41	20	37	28	34	35	37	61	44	42	64	40	34	52	40	60	19	32	28	44	50	18	23	28	15	24	31	25	39	26	72	65	46	75	15	18	19	19	27	20	23	13	37	29	41	63	36	30	50	37	23	56	37	49	22	35	28	21	21	34	33	22	7	24	44	32	48	36	9	33	40	33	15	31	17	44	23	6	32	32	14	24	20	20	24	43	35	27	40	26	42	60	15	25	25	15	26	37	28	11	48	28	45	37	28	29	26	18	20	30	35	26	21	33	20	27	8	33
C[C>A]A	33	78	48	42	59	91	124	62	65	89	53	93	91	96	45	45	112	82	38	38	55	66	62	61	36	75	22	24	17	15	45	34	30	40	67	103	69	38	77	78	92	56	35	38	72	96	94	54	43	28	33	46	48	76	53	53	56	87	60	53	38	64	60	19	51	57	79	128	86	62	33	35	60	25	36	69	32	66	53	63	65	47	25	47	55	14	20	66	68	37	34	60	38	41	88	66	37	42	25	30	49	58	64	47	44	47	54	53	36	72	34	41	81	72	72	45	45	40	58	65	63	38	35	76	64	47	56	38	49	33	37	37	63	27	41	85	86	66	47	58	77	75	76	81	63	111	57	64	52	40	82	124	35	84	38	73	48	78	48	31	50	37	31	40	52	36	40	48	38	50	84	45	66	46	71	48	38	55	29	35	33	60	38	53	46	48	48	24	47	21	40	48	50	42	52	68	93	50	85	42	72	24	41	62	50	34	33	45	60	46	80	79	59	59	79	48	38	64	62	115	28	36	48	65	66	27	20	35	24	27	35	62	51	31	112	106	91	129	20	35	30	41	42	46	51	30	66	33	57	68	47	59	77	40	58	62	54	94	52	48	28	50	33	72	70	35	14	41	80	39	113	54	21	54	67	48	38	52	12	65	34	17	69	50	36	41	91	34	38	61	62	61	73	24	67	79	27	39	49	36	42	53	101	20	78	42	87	84	42	46	36	27	47	59	37	30	52	45	34	27	24	50
C[C>A]C	9	52	41	68	39	99	92	49	51	40	35	73	39	60	29	26	150	41	16	26	36	48	58	45	24	37	20	19	22	10	32	22	27	25	48	79	18	22	55	60	46	41	17	23	36	111	19	33	16	28	18	46	27	47	25	41	34	51	53	21	23	42	70	33	68	39	43	134	71	38	18	33	25	22	26	60	22	32	34	43	37	47	17	38	40	21	21	27	11	31	20	35	25	28	39	53	33	25	23	14	21	39	39	44	35	39	33	23	22	36	35	22	38	66	35	31	34	34	32	31	39	27	25	28	54	24	26	50	29	16	26	22	29	6	34	40	48	56	40	44	33	48	41	53	32	79	24	21	52	24	55	38	27	62	20	21	23	67	33	20	40	37	43	12	29	22	23	25	38	32	70	25	35	38	25	22	32	34	12	32	27	30	22	32	49	18	33	63	22	21	26	36	44	20	52	32	59	24	31	53	44	17	27	35	31	34	23	26	26	35	49	38	42	48	47	40	38	52	35	63	15	26	40	42	52	29	12	22	22	14	29	25	43	29	84	65	57	83	7	24	23	26	30	29	18	30	42	28	31	41	35	44	43	38	32	80	31	48	20	35	15	30	19	29	39	18	23	32	53	17	79	30	12	42	22	25	15	29	25	34	12	12	27	28	29	13	39	34	14	48	25	45	50	22	49	57	22	22	39	32	37	25	47	8	44	22	54	42	10	17	17	20	29	32	35	21	23	43	23	17	26	79
C[C>A]G	5	0	3	0	8	15	10	4	5	18	8	22	13	20	3	4	6	0	6	9	18	18	3	13	3	8	3	5	3	3	9	11	3	9	14	24	16	15	18	4	0	5	7	4	5	48	28	2	5	5	8	9	10	14	12	9	0	13	15	9	12	14	13	0	17	4	18	16	19	7	4	8	4	0	0	9	5	9	9	9	4	13	3	8	6	9	3	13	17	9	3	4	0	9	14	4	0	4	0	3	15	18	8	4	7	11	12	6	4	8	9	11	9	6	5	11	7	11	0	17	10	3	10	18	7	4	3	0	8	9	5	9	19	0	0	20	20	6	24	4	14	11	15	10	16	16	16	5	15	0	14	0	3	18	6	6	6	15	8	10	11	7	5	3	5	15	10	0	3	12	8	3	13	4	4	4	13	3	4	8	7	8	9	4	13	6	10	4	19	0	5	12	6	3	8	3	17	7	3	5	9	5	3	10	12	5	7	13	8	7	10	8	12	4	5	7	7	8	13	17	1	10	14	7	9	6	4	11	10	14	6	6	5	10	18	12	13	10	3	5	6	0	5	4	8	0	3	12	14	11	9	7	15	5	11	14	8	15	0	7	4	7	5	8	14	9	2	9	10	9	15	18	7	9	5	10	2	5	4	9	8	0	5	12	14	4	8	13	5	15	19	22	9	6	0	14	5	7	8	17	7	9	14	0	0	11	9	5	10	2	4	7	4	10	11	5	6	9	0	5	2	15
C[C>A]T	23	61	46	52	62	80	85	49	42	80	38	75	56	69	37	35	75	77	32	37	52	82	52	51	21	47	19	14	14	15	51	24	35	25	51	85	35	27	41	53	84	43	17	37	55	77	57	30	36	33	18	36	31	69	43	30	30	58	47	56	38	61	57	22	89	82	54	102	35	51	21	18	45	21	34	74	25	40	39	60	35	50	25	39	28	14	31	45	17	17	23	50	33	25	58	31	14	26	23	23	51	42	36	32	48	45	25	49	31	52	14	38	48	61	33	40	48	34	44	50	30	33	27	47	57	29	45	31	45	35	31	24	29	9	38	45	66	29	63	51	61	50	66	49	55	77	68	21	54	40	73	65	27	62	32	26	33	84	41	23	66	31	28	29	40	47	42	25	34	34	118	40	52	32	46	35	43	31	30	20	34	35	35	43	39	18	57	31	27	33	34	41	47	23	52	44	38	35	35	37	55	10	31	45	39	30	28	29	21	51	64	49	51	46	53	37	38	61	49	75	19	28	30	46	57	24	26	15	19	20	24	26	51	29	56	58	55	102	17	19	16	43	42	27	35	24	42	46	48	55	31	30	44	32	38	58	34	81	22	39	29	35	16	45	37	31	30	52	67	19	54	29	20	47	48	16	38	48	12	44	24	14	41	44	36	18	41	27	27	60	56	63	47	46	62	35	57	27	29	21	31	55	66	11	41	52	49	75	24	31	32	30	33	53	39	37	18	36	48	25	34	54
G[C>A]A	9	69	27	47	36	72	88	55	37	53	52	81	64	78	30	39	50	67	27	21	35	36	61	55	19	45	17	24	19	14	20	29	30	27	34	112	35	24	73	21	46	45	18	41	31	53	75	27	23	42	25	33	31	59	45	35	52	59	68	33	34	47	52	11	38	43	36	134	35	42	15	45	38	22	14	0	28	51	22	46	44	40	22	36	34	11	13	15	34	30	27	39	8	22	48	40	14	35	17	14	37	53	27	46	44	34	33	44	26	36	22	41	49	78	59	28	39	29	25	54	62	25	22	42	41	36	37	35	45	29	46	32	43	23	32	20	44	52	63	61	43	44	52	77	40	72	45	23	52	33	87	86	14	48	14	40	39	48	37	20	63	27	22	25	55	33	30	41	16	34	57	42	43	24	59	55	46	34	14	22	12	48	24	30	36	6	24	12	47	50	28	36	63	9	43	38	72	43	49	56	43	24	27	43	46	39	18	42	64	44	54	41	59	40	55	40	31	42	53	74	13	30	41	48	46	28	20	36	35	18	41	31	38	25	68	54	50	51	17	15	11	25	30	24	22	25	34	26	49	37	31	36	52	31	23	59	23	57	41	42	22	42	21	34	29	13	16	35	48	28	40	32	11	31	34	22	15	29	17	52	27	24	39	32	22	34	14	27	28	38	21	50	30	20	39	46	20	20	24	21	29	30	45	11	37	22	67	69	6	31	19	46	31	21	17	27	20	33	31	27	33	17
G[C>A]C	14	26	26	16	44	34	71	20	28	80	30	42	28	50	14	17	37	36	11	14	29	37	23	26	19	34	17	12	7	15	29	20	11	25	42	62	23	21	41	57	15	32	8	24	20	53	19	27	16	20	18	19	31	44	38	23	15	51	33	24	16	26	43	4	38	36	30	102	33	26	24	30	32	17	22	32	3	38	33	31	18	63	12	26	28	14	13	31	17	7	17	27	13	8	34	53	23	19	17	14	29	18	27	22	29	26	22	19	23	34	26	31	39	55	32	29	34	27	12	28	46	20	17	23	35	24	14	31	19	24	20	24	39	12	34	20	45	37	23	19	30	34	25	33	8	54	26	29	36	23	32	49	7	27	16	35	14	27	15	13	28	10	17	20	36	27	17	19	21	11	165	12	40	34	11	29	25	29	10	22	12	26	31	27	23	24	29	16	36	21	23	15	44	17	21	15	34	34	31	12	27	15	15	29	42	12	13	11	19	23	33	28	42	30	23	17	25	19	16	41	6	19	37	34	22	11	17	22	9	15	21	25	34	25	35	39	28	29	13	8	14	17	12	20	9	25	40	12	34	38	24	25	28	25	14	49	31	34	13	7	22	14	13	33	27	22	9	26	38	17	31	16	5	19	26	12	12	30	17	24	24	9	22	21	22	18	20	34	21	15	31	26	28	11	17	27	15	17	8	27	18	21	31	8	18	28	11	50	16	15	17	18	14	30	28	10	18	26	11	15	10	29
G[C>A]G	0	0	13	0	9	4	12	6	0	31	11	12	4	12	6	13	31	0	2	0	9	3	5	18	0	5	3	3	3	3	11	6	11	0	18	9	4	3	9	11	0	9	4	7	6	0	28	3	10	3	4	9	12	27	4	3	0	16	8	6	5	9	23	11	0	0	8	62	10	7	3	11	10	7	6	0	5	12	5	15	4	14	5	3	7	4	3	10	17	0	3	13	0	9	14	0	5	4	4	0	3	3	11	7	7	0	17	4	4	0	11	7	9	0	12	3	4	0	13	6	9	4	8	14	14	3	12	8	8	12	0	5	5	2	6	25	3	16	20	9	3	6	4	10	16	14	7	10	20	0	3	11	0	16	6	3	17	13	17	0	10	0	7	6	10	9	6	0	0	11	3	10	4	0	3	7	5	5	3	0	3	11	0	10	10	0	5	12	11	0	3	12	14	0	18	6	13	2	3	5	11	5	3	19	12	12	2	4	0	8	17	11	12	4	8	11	3	9	9	2	0	10	8	11	4	4	9	10	1	6	6	16	12	4	7	15	9	12	3	0	3	3	7	9	8	5	13	8	3	10	4	13	7	5	10	14	8	9	4	7	0	11	7	11	12	0	7	6	7	2	14	12	2	2	8	4	2	9	4	4	17	3	5	8	29	5	2	7	1	23	19	17	7	6	5	5	0	7	5	0	7	9	14	0	0	17	4	3	4	9	4	5	6	4	11	0	3	3	0	10	2	0
G[C>A]T	0	39	20	26	29	15	49	25	37	62	16	48	23	67	25	17	50	10	24	24	20	46	21	50	10	27	14	24	17	14	23	21	21	8	28	52	21	19	36	28	69	16	20	19	26	43	19	30	10	6	24	25	35	44	20	18	26	41	30	25	22	29	49	11	38	46	20	90	32	28	6	26	20	10	17	18	20	47	29	25	23	40	18	23	20	14	12	25	45	30	21	36	8	25	48	13	28	19	22	10	51	27	30	21	11	28	28	23	11	39	27	22	27	72	23	20	27	37	32	41	23	19	25	30	30	15	30	31	15	17	29	19	14	10	17	25	31	19	50	28	29	27	8	41	48	56	29	18	36	28	27	38	15	49	20	16	32	46	20	18	16	24	17	19	31	15	17	15	16	27	48	17	38	28	16	24	27	33	20	8	12	25	26	16	10	24	24	24	16	33	20	46	45	8	21	34	34	21	19	37	24	15	16	21	31	20	28	10	21	21	30	33	38	36	50	23	25	28	27	57	16	17	22	35	19	8	16	17	16	17	20	35	31	21	42	29	25	60	10	14	14	23	32	30	29	25	25	15	30	33	24	32	37	23	12	42	23	37	19	26	16	15	11	25	15	18	12	17	38	13	35	21	7	22	26	20	17	26	17	29	13	13	14	32	14	15	18	7	23	35	27	19	22	22	27	30	7	7	13	9	11	28	33	3	30	30	18	26	20	20	6	13	20	30	24	19	14	35	17	20	8	29
T[C>A]A	33	48	41	26	48	102	96	58	37	71	57	85	57	76	32	40	69	67	20	37	34	52	49	42	17	45	28	19	15	15	40	35	30	27	41	89	30	27	164	57	61	50	11	27	43	87	57	39	26	28	22	46	56	67	47	45	30	62	38	45	42	52	63	7	21	36	43	103	49	33	28	33	35	28	23	83	26	59	48	34	28	67	27	33	40	21	24	25	28	19	29	44	17	36	47	44	23	45	29	10	32	43	50	36	44	58	42	33	22	54	36	50	51	100	65	40	56	53	31	37	52	30	32	37	34	13	38	35	20	33	29	43	48	11	25	75	80	42	55	49	46	30	54	63	103	90	52	19	64	36	81	108	22	48	22	21	42	82	46	18	36	31	33	16	34	31	33	51	21	37	39	35	48	32	38	22	40	42	23	30	25	47	29	30	16	36	33	55	22	24	28	31	44	31	40	32	55	35	40	58	57	15	21	58	68	25	28	38	34	73	57	61	56	75	67	45	45	57	38	80	13	39	35	52	48	21	20	23	25	23	21	49	47	31	93	64	55	78	19	8	14	39	42	47	37	42	55	37	42	65	37	45	56	33	39	65	31	62	10	11	22	30	24	50	17	24	23	35	58	21	52	41	11	28	39	28	17	36	29	24	21	11	27	33	36	20	32	7	38	43	37	37	38	17	44	38	25	20	37	36	24	46	35	14	51	33	40	42	16	25	23	32	20	29	35	26	15	24	14	22	24	52
T[C>A]C	37	86	41	42	42	64	80	41	42	67	53	76	50	55	35	33	81	46	15	23	43	57	34	29	24	28	22	17	10	15	23	36	22	34	35	74	45	31	50	57	69	43	13	24	37	82	66	36	31	28	33	42	39	56	28	44	37	63	38	56	30	42	47	19	30	43	64	121	49	34	31	33	48	21	20	46	19	43	45	61	32	58	24	33	28	11	20	31	23	20	23	31	25	28	51	44	33	32	24	22	49	40	38	31	24	51	28	29	32	54	24	42	49	66	53	26	39	40	34	50	51	20	19	44	45	24	33	23	34	16	40	31	43	11	23	65	51	37	67	37	51	38	35	68	63	86	24	27	59	21	61	43	12	62	25	22	36	57	22	15	39	25	17	22	16	15	48	24	10	41	51	39	49	20	34	22	32	31	14	29	28	35	22	42	16	36	81	31	16	21	34	22	32	19	35	31	68	30	40	45	54	12	20	33	29	34	25	17	26	55	51	39	59	59	33	29	35	50	35	74	28	30	34	42	52	25	14	17	19	24	37	40	35	22	91	48	52	88	17	14	11	34	39	27	20	18	36	21	51	49	23	32	71	25	20	69	41	44	16	15	30	43	16	29	29	42	28	43	46	19	25	37	5	17	25	32	23	24	12	29	24	9	9	27	14	18	22	40	23	45	43	32	30	31	39	27	17	39	10	9	26	25	64	14	21	26	31	25	20	23	23	21	27	27	26	24	11	16	6	20	16	46
T[C>A]G	5	13	4	5	11	11	15	8	5	31	11	18	1	12	2	1	0	15	4	5	9	15	2	6	7	2	5	2	2	0	8	7	0	6	5	16	3	4	14	11	0	7	0	11	10	19	0	5	7	6	7	9	2	11	5	2	4	12	11	4	5	14	16	0	21	7	8	33	1	9	4	2	12	1	0	5	2	4	6	5	1	14	0	6	10	0	4	4	0	11	4	9	4	2	7	4	14	10	0	9	2	9	6	10	5	6	1	4	1	10	4	5	12	22	8	6	8	3	7	15	4	4	10	7	1	5	16	0	0	6	6	2	14	1	8	20	15	10	11	11	6	6	6	16	16	11	5	10	7	0	11	0	0	11	6	10	11	13	3	9	6	1	2	12	5	9	0	7	2	11	9	2	6	9	0	7	6	13	6	7	12	10	7	14	7	6	10	4	5	0	2	5	6	5	11	6	8	6	5	5	8	7	1	8	2	8	8	7	5	1	6	13	8	6	7	5	5	8	2	15	1	4	2	8	5	7	1	4	7	3	5	8	5	4	16	18	7	14	5	3	4	10	10	4	2	2	7	18	10	12	8	3	10	5	6	6	3	14	3	11	3	6	6	0	12	2	5	4	7	9	13	7	2	8	8	1	2	3	4	6	7	1	3	7	14	3	10	0	8	3	15	8	2	2	2	8	0	10	7	2	7	7	9	3	7	2	2	14	0	2	0	5	10	8	11	6	8	2	6	2	3	6
T[C>A]T	9	56	40	62	62	106	96	39	33	93	49	81	53	81	57	46	106	46	25	23	31	72	41	57	26	39	17	24	14	18	32	34	30	23	49	117	41	19	64	60	69	47	15	37	62	120	38	52	34	31	25	58	48	70	46	30	30	86	47	62	54	49	62	44	76	39	46	131	67	39	34	36	42	36	26	69	19	65	57	54	43	67	25	47	44	16	24	38	57	28	24	52	25	33	63	27	0	41	27	26	66	58	51	46	36	47	42	50	28	41	24	26	63	105	55	36	48	34	32	44	48	26	29	37	50	30	52	42	34	28	32	19	24	23	28	65	71	40	76	54	57	39	43	59	95	92	50	23	57	19	64	54	17	46	25	27	36	67	18	25	40	37	26	19	34	30	39	48	25	37	53	47	51	37	45	35	40	34	29	25	25	41	33	52	43	30	67	47	25	18	26	31	51	20	43	52	51	37	44	39	65	8	25	39	58	24	30	31	56	51	64	56	65	85	55	40	45	60	53	80	25	35	40	67	55	31	13	27	25	32	31	55	52	27	109	75	56	104	25	12	29	41	54	36	29	45	49	33	58	63	39	52	62	31	40	67	46	59	24	26	13	29	20	25	33	26	25	24	53	22	34	16	11	40	48	32	22	43	21	32	21	14	17	21	36	15	24	20	38	29	35	37	21	24	42	65	20	20	24	19	15	41	47	20	28	30	25	28	24	38	30	32	20	27	35	38	23	28	26	15	15	48
A[C>G]A	9	17	23	21	33	61	74	35	9	44	33	49	32	54	27	29	56	56	22	21	25	42	26	31	17	28	13	19	15	14	35	21	21	19	18	70	21	24	41	32	61	41	15	24	44	72	19	24	18	22	20	37	19	39	24	35	22	42	38	43	27	36	33	15	55	29	62	107	46	37	28	41	36	19	12	55	17	38	23	34	23	52	10	30	31	21	5	34	11	28	23	37	21	23	37	27	19	20	18	21	38	34	44	37	21	51	30	34	28	28	26	31	43	89	23	24	31	40	31	32	54	29	21	23	39	20	27	23	19	14	20	31	43	15	23	25	38	37	58	18	57	16	41	44	48	61	26	15	29	24	44	22	14	44	29	19	30	46	25	26	40	27	14	11	43	18	16	24	39	28	42	37	39	23	30	13	32	31	20	20	21	23	36	24	30	24	19	16	49	12	26	29	45	22	31	30	68	21	30	42	49	12	17	31	25	25	40	26	33	31	41	41	44	50	25	32	23	30	27	60	10	23	18	39	34	15	10	12	22	17	23	35	28	18	56	38	43	51	10	10	16	12	29	36	25	24	25	25	35	26	29	36	32	27	21	51	42	37	19	37	13	25	18	33	17	26	19	17	32	24	39	23	4	20	25	29	10	20	25	27	20	12	41	31	7	18	24	27	19	37	40	26	24	24	32	33	7	22	20	28	20	25	38	11	46	17	34	37	18	21	17	18	22	36	17	14	14	36	23	14	15	39
A[C>G]C	19	17	6	16	23	49	36	9	5	53	20	30	23	18	24	20	31	36	9	8	16	36	14	15	19	19	16	9	7	8	11	14	5	9	18	62	17	13	36	18	31	7	6	15	27	48	19	16	25	17	14	16	23	36	14	15	11	25	24	19	15	16	16	15	21	21	11	64	28	14	7	11	12	8	17	42	8	25	26	25	15	27	7	17	20	18	13	7	0	24	7	20	17	11	23	4	9	17	9	7	9	16	17	19	16	28	20	14	15	23	7	17	29	17	25	18	20	13	6	18	23	16	21	25	19	6	22	19	10	8	27	24	19	2	9	20	29	14	23	19	26	6	17	21	16	34	12	11	26	14	15	11	7	26	13	14	15	43	15	13	28	10	14	14	16	12	13	20	7	12	25	15	22	8	26	18	19	18	12	8	3	17	19	7	7	12	10	27	14	30	9	12	17	8	23	10	34	19	24	17	16	3	13	21	21	12	13	6	18	15	33	25	24	22	28	17	16	31	18	22	16	10	10	17	15	6	1	4	7	9	14	9	19	14	26	16	32	40	13	8	11	10	12	26	14	13	9	11	24	26	21	24	37	12	10	28	15	10	8	6	6	25	8	17	6	18	9	17	27	14	19	12	5	9	6	15	13	18	12	10	9	4	13	15	0	10	18	20	10	26	16	18	10	7	10	14	5	10	8	9	9	23	14	6	18	15	11	12	6	12	15	18	8	11	15	11	6	9	14	7	7	15
A[C>G]G	0	0	6	5	5	15	21	6	5	9	8	9	15	17	2	7	6	5	10	0	8	10	8	1	7	2	8	5	2	1	9	6	2	2	5	17	7	1	14	11	8	5	1	5	6	0	19	6	7	5	0	9	10	7	7	8	7	7	0	1	8	14	6	0	21	7	5	15	9	11	6	6	12	1	0	14	2	9	6	5	4	20	8	12	7	0	0	7	6	0	1	9	8	2	8	4	9	6	5	0	8	5	5	1	4	3	7	1	6	3	4	7	4	6	13	1	4	5	6	5	10	11	0	4	5	0	0	4	2	0	6	5	0	4	0	5	13	8	11	7	14	13	2	0	8	13	5	5	13	2	14	5	7	5	4	6	5	9	5	1	5	7	10	0	7	4	7	5	7	7	9	13	6	0	4	7	5	8	1	7	7	11	2	0	3	12	14	0	3	3	5	7	14	0	6	10	0	6	10	9	16	2	0	2	6	2	3	3	5	11	6	8	0	12	7	5	11	2	9	10	1	3	2	7	8	0	3	2	1	3	3	1	5	7	18	15	12	9	7	1	6	5	7	0	5	2	5	10	8	12	5	12	10	12	1	3	5	6	1	7	3	1	8	3	2	2	2	7	15	8	0	2	11	12	8	6	3	0	4	7	5	2	3	5	0	2	4	7	5	6	6	9	1	4	7	8	2	5	7	2	9	9	0	3	9	4	0	8	2	6	6	4	10	10	9	8	6	7	0	3	0	14
A[C>G]T	14	35	24	31	38	19	63	31	23	71	47	36	32	40	29	39	37	41	22	24	27	57	47	55	21	42	19	17	27	12	34	22	19	23	39	95	31	40	64	25	46	32	13	30	40	82	19	21	18	16	21	49	35	46	30	30	45	32	38	47	39	43	40	11	34	43	30	103	39	26	21	20	26	23	9	37	19	47	50	45	26	49	20	30	27	16	13	38	17	30	23	35	21	22	43	22	14	35	23	18	29	22	41	39	38	28	37	31	37	23	31	30	29	66	67	26	39	27	26	36	38	16	38	35	34	25	37	38	22	26	27	24	29	12	28	15	48	26	38	39	38	17	39	44	48	56	33	24	52	31	64	54	10	29	16	27	36	54	29	23	39	30	31	17	29	30	36	39	23	37	25	29	34	28	31	37	24	28	23	27	27	27	26	19	16	78	24	20	19	12	25	36	43	22	37	25	72	29	26	45	54	15	29	39	48	25	17	26	26	42	43	61	59	52	40	25	38	46	42	72	18	33	34	31	50	18	13	14	13	23	27	29	34	22	64	42	57	62	8	17	20	14	39	32	31	22	32	18	34	47	21	21	38	24	21	55	44	30	15	29	20	16	22	28	25	24	23	32	26	19	34	18	7	22	29	23	17	18	21	31	13	10	32	24	22	20	30	27	17	20	41	22	17	15	20	22	12	27	13	17	29	28	24	14	23	31	31	19	18	34	21	18	22	29	30	34	12	26	11	12	13	33
C[C>G]A	9	22	19	31	18	34	31	14	23	53	41	31	41	23	19	17	31	20	14	17	20	22	20	24	7	19	9	9	14	3	9	4	18	17	18	60	27	9	59	32	23	5	7	23	13	29	19	25	7	6	17	22	29	21	20	18	26	26	15	16	22	19	37	7	17	39	23	97	25	19	22	18	22	18	16	14	6	23	26	12	21	49	7	15	16	12	4	17	6	26	9	24	8	16	29	9	0	10	10	20	11	9	20	16	25	23	22	13	10	34	19	7	16	17	42	26	23	21	25	19	30	23	13	17	20	16	22	19	17	10	27	10	19	7	11	25	47	19	31	21	23	19	15	18	24	49	23	11	23	12	30	27	3	18	6	22	20	37	21	10	13	18	19	11	17	15	14	17	13	16	14	15	17	9	25	13	24	18	13	19	18	17	12	20	16	12	24	8	11	18	23	14	25	16	24	25	17	10	21	28	22	7	16	31	27	13	15	14	21	27	19	29	32	28	28	20	15	19	26	34	12	22	17	22	27	14	13	4	12	9	8	21	22	9	50	16	29	23	12	4	7	21	20	10	6	8	23	11	24	24	24	12	22	14	21	34	19	27	10	13	9	12	6	17	14	29	14	17	31	21	27	14	5	22	14	15	7	17	12	10	7	8	21	17	0	10	24	0	13	26	34	24	17	13	22	14	20	22	8	9	20	14	21	3	18	7	14	22	14	23	9	7	14	13	11	13	11	12	14	10	15	17
C[C>G]C	9	30	27	16	32	34	52	20	23	36	25	42	20	35	27	23	31	41	11	17	23	37	11	23	21	45	16	9	21	6	17	15	18	9	30	58	24	15	27	46	46	31	8	24	33	111	0	19	16	13	24	28	37	24	26	20	30	33	20	33	22	26	21	7	17	50	25	98	29	22	6	20	29	12	15	42	20	23	28	31	25	27	5	26	29	21	13	25	0	22	20	17	33	16	39	35	9	12	11	10	32	22	24	19	27	20	28	30	31	23	30	21	26	33	33	19	31	19	26	18	28	12	19	17	26	14	35	4	22	9	18	27	19	7	17	20	23	18	38	7	33	14	17	35	24	47	29	0	25	19	38	32	14	31	19	24	38	49	24	10	36	10	24	8	16	18	22	20	8	32	31	17	27	23	19	20	18	29	13	20	12	18	28	19	10	30	24	20	30	9	20	29	35	8	23	20	51	17	30	31	44	10	11	33	17	22	27	14	18	23	35	39	38	46	17	19	13	24	38	45	9	23	19	27	38	11	1	10	15	15	14	31	28	22	41	30	40	40	12	12	7	18	18	40	14	15	27	12	31	33	23	11	31	21	19	35	27	19	11	11	7	21	9	25	21	22	2	30	34	17	21	18	18	23	11	15	12	11	8	28	13	8	19	15	7	12	28	7	13	23	19	23	27	15	27	16	10	17	8	17	15	14	21	11	23	18	16	17	12	14	23	18	25	40	18	13	12	16	23	12	16	31
C[C>G]G	14	0	3	5	8	4	20	4	0	4	5	7	3	6	3	3	6	5	6	5	8	10	8	4	0	8	5	0	5	3	8	9	5	6	0	13	6	4	5	14	15	5	3	4	3	10	9	6	0	5	3	1	10	6	8	2	0	9	11	6	1	3	3	0	13	0	3	43	16	7	0	5	4	7	0	14	5	7	5	3	7	11	0	8	4	5	3	3	6	4	3	7	0	9	14	4	5	3	3	4	11	3	11	5	3	5	7	8	2	3	2	1	13	0	3	4	4	3	9	4	4	7	6	7	3	9	0	4	8	9	9	5	0	2	0	10	9	11	9	12	9	6	0	10	0	16	0	0	7	0	8	11	3	4	12	13	3	6	3	7	10	3	9	3	0	4	7	5	3	4	5	0	10	7	11	13	3	0	0	5	0	7	9	3	0	18	5	4	3	0	5	9	6	5	3	7	13	0	9	5	5	5	7	4	6	5	2	0	3	4	11	5	8	6	17	3	6	8	7	7	3	5	5	7	9	1	1	1	1	2	3	5	5	8	8	4	7	4	3	0	4	3	5	0	5	7	12	3	7	9	5	7	15	1	4	4	8	11	1	7	4	4	4	8	6	2	7	2	7	2	8	5	0	2	8	0	7	7	4	4	8	0	5	9	0	3	4	0	4	5	9	8	12	2	5	14	0	2	8	4	7	4	7	3	5	7	11	9	0	2	6	7	4	4	2	5	2	0	0	2	5	6
C[C>G]T	5	48	36	21	33	23	69	41	33	53	47	54	39	31	24	30	50	46	15	12	27	60	35	29	17	47	20	26	21	10	34	27	30	27	44	85	38	25	114	42	92	63	13	35	35	96	9	21	25	22	21	51	44	63	26	35	26	49	41	33	26	31	46	7	21	64	48	107	51	38	18	38	33	19	22	23	14	38	54	52	28	59	18	32	28	18	15	15	51	31	20	31	21	39	40	18	28	23	24	7	49	28	24	27	24	19	43	38	37	57	31	24	42	28	45	34	48	34	31	28	46	19	25	33	43	21	34	8	22	28	41	41	5	13	25	40	57	21	63	44	55	25	27	56	32	90	40	23	28	21	59	43	8	31	13	22	29	61	29	19	42	39	26	14	28	31	35	25	34	32	62	22	38	16	35	15	30	23	13	27	15	53	22	29	20	42	24	43	27	36	22	24	39	23	48	24	51	37	19	31	49	17	17	39	29	17	40	22	32	42	37	54	60	36	42	31	23	36	42	51	15	21	17	46	39	27	10	16	15	20	40	31	38	18	60	42	35	53	30	12	14	31	47	52	25	18	25	28	45	44	36	46	46	26	23	84	41	30	14	15	13	32	14	32	17	35	23	43	36	19	42	30	4	25	29	33	23	29	29	38	12	6	21	24	14	9	26	40	14	29	34	32	24	24	37	22	20	12	30	11	26	32	31	6	25	31	16	39	10	25	28	23	24	29	31	19	17	28	9	22	33	35
G[C>G]A	9	35	14	0	24	8	17	16	37	9	13	19	20	20	8	12	12	15	10	14	12	34	9	20	10	20	0	10	5	4	17	10	5	4	30	40	21	12	14	11	15	11	11	11	26	14	19	22	10	13	4	12	10	23	11	17	22	13	29	4	15	10	39	0	8	11	16	62	12	20	4	3	9	8	6	23	12	7	20	14	4	27	3	27	17	14	8	21	17	9	7	13	8	14	11	22	14	19	3	13	15	8	20	14	11	9	21	10	16	31	2	21	19	11	15	14	18	8	3	14	38	18	8	23	18	10	19	35	15	16	21	17	14	10	6	30	23	10	15	23	17	23	15	21	40	25	17	13	26	14	24	0	0	24	10	8	23	25	13	4	10	12	16	0	10	7	14	14	10	18	12	8	8	13	19	31	5	10	14	8	16	22	17	12	20	18	14	12	16	15	16	19	12	9	8	14	21	14	16	16	8	3	4	23	14	12	5	7	15	4	22	18	15	14	18	15	6	14	15	34	7	10	11	25	6	7	0	6	12	15	11	4	15	3	15	16	22	16	5	4	9	17	10	17	25	8	19	11	26	24	15	20	19	14	14	17	8	18	4	17	3	14	5	3	6	2	7	11	15	8	16	16	5	14	9	13	13	16	17	7	15	9	5	3	0	9	8	20	12	5	22	12	10	6	15	22	5	12	8	9	4	14	26	0	18	9	11	12	16	14	13	14	10	15	9	13	5	14	6	3	0	6
G[C>G]C	14	13	9	0	17	23	20	14	0	36	25	27	18	23	19	10	12	36	11	5	18	24	9	24	7	8	8	7	14	0	17	11	14	6	18	33	6	13	36	25	69	9	7	8	6	29	28	8	15	3	9	13	12	10	18	11	11	8	11	14	8	23	16	0	21	21	30	77	10	19	3	17	13	7	15	18	8	21	19	18	8	22	3	9	20	4	12	10	11	15	1	11	17	8	17	0	9	10	4	5	14	13	21	7	12	23	12	11	15	13	14	14	10	22	30	15	17	16	12	15	18	11	16	11	11	3	10	8	3	14	12	12	34	1	9	5	17	10	26	7	20	16	17	25	32	32	14	10	13	17	26	54	2	16	7	13	5	31	11	13	8	16	19	2	19	19	23	14	10	25	75	18	13	8	7	11	16	11	6	3	9	12	12	12	23	18	10	0	16	21	8	22	30	9	8	10	25	7	7	17	11	8	11	12	25	5	10	15	15	11	14	23	21	26	12	11	18	14	18	29	4	13	17	18	13	1	3	10	7	3	6	11	16	10	26	19	32	36	8	5	11	14	22	10	6	13	23	8	17	11	8	8	19	12	6	39	18	24	9	17	4	15	15	13	8	11	0	4	12	6	9	21	7	12	20	16	10	11	8	10	16	6	8	13	7	10	18	7	8	20	16	15	23	11	10	14	2	15	10	15	11	16	16	11	18	6	11	11	4	5	2	4	16	11	13	5	8	12	9	3	16	17
G[C>G]G	0	0	0	10	6	4	9	2	0	4	5	12	4	4	0	6	0	0	2	0	7	6	5	6	3	5	3	0	0	7	11	0	6	6	4	9	4	7	9	0	0	4	3	0	3	0	9	0	3	0	4	9	4	9	5	3	7	9	6	4	5	3	7	0	0	4	5	15	3	5	4	8	3	3	2	14	0	7	5	3	4	14	0	5	4	5	0	6	0	0	0	7	0	3	7	0	0	3	0	3	3	9	0	5	3	2	7	4	2	3	5	4	12	0	3	4	4	11	4	5	10	3	8	10	0	4	5	8	0	2	8	5	5	0	0	5	4	6	6	0	13	6	0	10	16	11	10	6	7	3	6	16	3	4	3	3	0	3	9	0	3	3	3	3	7	6	9	0	3	7	11	3	4	3	4	0	8	8	3	3	4	2	3	0	0	6	14	12	3	3	0	9	4	0	5	3	0	2	3	3	3	0	4	16	8	10	7	1	3	3	5	5	11	12	3	7	0	3	5	10	0	1	5	1	3	1	4	4	6	6	2	8	4	0	10	1	9	9	0	0	0	5	2	1	0	5	10	6	6	4	3	1	9	1	5	4	8	6	4	2	6	6	5	3	2	2	0	2	5	0	6	2	5	2	3	1	0	3	4	4	4	2	0	1	7	2	0	7	4	9	1	4	7	0	7	5	0	5	3	4	4	4	7	0	0	0	9	8	0	5	6	0	10	0	0	3	5	0	0	5	0	4
G[C>G]T	9	39	14	5	20	11	31	13	14	36	20	25	18	22	16	12	56	20	15	11	18	31	20	18	15	20	13	12	7	10	12	9	6	13	16	58	10	21	32	25	46	23	7	23	20	77	57	14	18	14	12	10	12	24	20	23	22	28	17	15	15	26	29	15	21	29	21	75	25	28	6	23	16	12	12	32	8	21	26	26	23	38	7	6	25	2	12	20	11	9	14	13	13	16	23	22	5	22	11	7	28	16	18	17	15	9	13	20	11	18	16	16	10	22	30	14	37	21	18	12	38	12	10	23	20	13	20	38	15	19	12	10	10	7	6	5	36	16	23	16	22	27	15	30	55	36	14	11	20	17	27	43	5	13	10	22	9	21	8	18	16	15	9	16	12	7	16	14	11	23	20	18	21	27	20	18	21	13	14	7	15	11	19	9	3	6	19	16	8	9	14	24	36	8	14	17	25	16	26	19	22	8	8	23	23	8	3	13	14	24	14	16	33	22	18	20	10	17	18	38	10	14	10	20	30	6	7	8	18	5	15	16	19	18	26	23	19	24	10	3	9	5	15	17	8	8	21	12	19	22	19	20	21	15	14	27	22	16	8	9	7	9	11	24	6	20	14	20	17	9	21	14	0	30	6	15	10	18	17	9	12	12	5	20	7	18	12	7	9	17	24	21	12	11	5	22	22	12	20	9	4	28	26	14	11	6	11	17	20	11	9	16	6	6	4	26	14	16	6	19	8	10
T[C>G]A	28	30	24	31	32	34	49	12	9	27	31	39	28	45	16	26	44	46	10	11	22	33	17	31	9	42	14	9	7	6	9	14	6	13	35	68	27	22	45	28	61	22	11	11	33	38	28	21	10	11	7	18	31	41	21	17	15	37	30	26	19	26	36	4	25	36	31	87	42	26	19	17	28	12	15	55	14	23	31	26	22	49	12	21	27	12	8	11	11	11	10	19	17	11	28	22	14	23	17	20	20	20	41	26	21	30	35	20	25	23	21	19	16	55	17	18	34	16	15	30	33	16	13	24	15	16	26	12	12	16	29	24	10	9	8	45	26	26	31	26	23	25	25	41	63	45	29	11	39	10	24	43	5	26	12	19	24	37	15	16	31	24	19	16	21	18	27	22	16	23	16	18	26	19	26	18	11	13	20	19	10	26	19	20	20	24	29	24	16	18	20	24	39	11	19	11	51	16	24	31	46	7	11	29	15	19	17	20	26	42	30	31	35	32	22	19	22	31	35	63	7	10	13	31	42	11	12	9	15	12	14	23	24	47	54	34	35	37	10	8	10	21	22	23	9	13	27	28	39	24	13	24	35	14	14	42	30	27	8	28	10	24	9	26	23	22	12	11	43	17	46	21	7	26	11	17	17	14	8	15	9	9	17	24	22	15	18	27	13	23	18	28	16	11	30	11	12	27	8	11	20	18	31	8	25	11	25	22	12	17	13	13	24	19	11	16	6	17	14	3	15	15
T[C>G]C	14	26	19	26	30	11	40	19	14	62	19	30	34	35	11	23	37	20	11	15	16	43	18	19	10	17	9	12	2	6	20	19	10	8	32	47	20	7	45	57	31	29	3	18	27	77	28	19	15	19	9	31	33	33	14	17	26	29	38	16	19	23	29	19	34	21	28	77	30	20	21	12	16	10	5	14	19	28	23	26	10	27	8	15	13	7	9	18	11	9	21	23	29	8	22	9	23	26	9	8	25	28	11	17	16	26	25	13	11	13	11	12	20	50	33	11	17	19	13	19	24	20	11	31	26	20	24	15	7	17	11	20	10	7	15	30	29	14	12	37	23	6	37	33	8	70	23	19	36	12	38	22	5	20	9	21	20	31	12	12	23	12	16	9	17	9	17	22	7	25	20	17	29	17	20	13	8	26	16	8	15	23	10	16	16	30	24	20	14	12	22	10	12	17	27	14	30	24	14	26	36	7	7	25	33	29	12	10	14	23	25	29	21	38	17	17	19	22	20	34	10	23	18	24	30	13	7	4	9	17	12	20	16	10	46	23	16	38	8	1	6	14	22	16	8	15	21	17	33	29	16	20	25	12	11	52	30	20	8	13	15	9	13	17	21	7	16	13	32	9	18	16	11	11	5	9	15	17	12	19	11	5	22	16	0	9	20	20	19	23	22	19	13	15	25	16	12	10	8	11	7	35	31	0	11	24	18	41	10	17	9	18	16	11	20	10	8	12	3	12	15	12
T[C>G]G	0	4	0	5	6	11	9	4	5	9	2	7	10	0	2	6	0	5	6	2	0	6	0	5	0	11	0	2	0	1	5	1	5	2	2	27	6	1	14	11	8	5	0	5	6	14	9	9	0	0	4	1	2	4	4	8	4	1	8	5	1	5	7	4	17	7	11	34	7	0	7	5	1	6	5	14	5	1	5	2	4	16	5	5	10	5	4	6	17	2	1	5	8	5	6	4	0	4	0	0	8	5	6	4	11	8	5	1	10	5	4	1	6	6	18	5	1	0	4	5	6	7	5	6	4	4	7	0	5	6	5	5	14	0	6	25	6	6	5	0	9	14	12	2	16	23	7	5	5	10	6	16	0	0	4	3	0	12	0	3	6	0	12	2	0	9	9	2	0	5	2	12	6	13	4	7	18	8	1	2	1	5	0	1	3	6	0	0	0	3	2	7	8	0	5	6	8	5	9	5	6	8	4	8	10	7	3	0	0	10	8	11	11	8	12	4	6	5	7	10	1	4	2	7	6	1	0	0	3	6	0	0	5	0	7	3	7	6	5	8	0	9	2	6	0	3	4	8	4	6	4	5	7	1	0	8	5	5	6	0	6	1	1	4	0	2	9	0	10	8	8	2	0	0	9	10	7	6	4	6	1	4	3	7	0	1	2	0	1	8	3	5	8	9	7	0	7	2	5	2	0	7	9	3	2	0	9	9	0	2	6	5	0	8	2	8	0	2	0	5	7	10
T[C>G]T	19	17	36	26	48	64	108	51	42	120	74	85	70	72	30	36	119	97	24	29	46	75	46	63	26	55	24	16	24	12	37	31	42	32	101	122	48	44	109	67	92	34	20	52	54	168	57	30	30	25	42	63	60	63	38	44	26	65	54	49	42	57	76	26	42	86	54	180	68	60	30	27	49	46	26	97	25	62	73	66	52	112	17	45	53	16	19	28	57	17	14	47	38	28	62	31	19	38	20	29	60	46	53	42	47	48	52	45	33	57	25	43	55	116	80	32	51	42	29	44	73	35	35	55	62	26	49	54	29	24	52	27	43	16	25	50	77	45	101	47	75	41	56	51	87	131	52	34	46	40	82	92	17	59	25	42	45	75	30	32	55	33	36	22	33	30	58	51	25	52	40	45	58	27	59	48	43	34	41	39	27	31	29	37	33	72	29	47	33	21	50	41	67	36	53	46	72	40	84	59	68	24	37	45	62	37	30	46	42	69	60	39	70	65	60	64	48	64	66	86	25	36	34	52	86	27	23	31	40	24	41	48	47	63	112	83	71	84	20	22	16	30	47	53	23	37	47	75	60	57	54	57	71	38	47	86	37	45	24	42	29	52	22	47	41	44	19	37	72	25	42	39	18	37	48	26	40	33	29	38	24	15	32	48	51	36	43	20	31	41	37	54	49	22	32	27	20	32	24	30	29	60	64	17	37	44	42	42	18	34	15	29	22	36	30	30	14	41	45	25	28	71
A[C>T]A	51	108	88	114	108	99	103	77	61	124	88	108	99	147	73	50	100	97	61	70	92	94	110	96	65	94	63	33	51	33	86	62	56	61	95	258	68	67	73	99	100	97	48	88	94	111	85	90	56	44	43	73	56	90	77	83	82	99	89	90	77	78	139	41	47	100	117	423	87	70	49	69	67	59	42	74	54	89	73	118	69	135	52	60	83	46	43	83	85	33	66	62	75	65	106	44	47	62	42	35	101	78	73	76	84	95	76	83	85	90	73	71	89	166	84	79	78	58	76	89	121	72	68	82	84	48	95	54	67	68	81	80	43	35	64	115	92	82	127	102	99	80	83	100	63	122	87	44	93	76	91	103	24	92	72	83	75	111	86	42	94	85	79	33	81	50	66	76	66	84	70	104	108	76	109	70	67	78	65	86	73	73	52	66	62	78	86	82	96	56	78	92	141	47	82	107	98	88	96	73	99	37	48	91	73	89	67	68	74	90	83	107	100	123	117	90	61	68	95	108	33	55	59	74	103	48	33	37	59	58	49	82	89	42	105	105	75	128	29	41	43	62	66	66	40	66	80	76	90	91	94	92	99	83	81	101	114	101	57	92	52	73	66	116	68	73	60	84	79	46	85	80	43	107	95	64	40	75	46	94	72	35	68	64	58	54	67	54	92	97	82	97	67	79	96	87	45	52	79	57	55	64	92	39	120	59	76	122	46	75	47	64	61	82	70	53	81	83	74	62	59	91
A[C>T]C	37	56	31	31	45	64	54	49	19	53	41	57	54	69	43	30	87	72	41	37	52	48	43	52	22	41	30	44	22	22	37	32	22	34	57	149	30	41	77	67	31	45	22	49	42	87	57	35	33	27	33	40	60	53	43	42	26	55	41	45	39	42	52	22	30	36	51	234	45	43	30	24	39	35	27	46	29	44	47	57	40	83	29	48	45	28	21	41	51	30	39	39	33	41	67	40	14	38	33	34	61	46	50	50	38	55	39	36	39	62	25	42	51	72	43	34	41	56	60	39	90	37	32	37	51	43	54	23	54	42	38	43	34	23	34	60	52	32	38	56	55	56	64	49	63	95	52	53	56	35	37	49	19	55	19	40	57	51	49	28	37	34	43	37	50	43	33	34	23	48	67	55	53	58	53	42	37	33	32	61	33	51	40	46	36	72	48	31	80	30	23	26	76	29	35	46	51	45	54	54	47	25	35	33	46	44	40	32	41	59	67	56	66	57	33	43	43	41	49	51	16	36	23	52	51	28	22	17	24	24	40	40	39	42	57	53	50	63	32	23	33	26	40	30	22	49	44	43	65	51	44	55	64	37	54	51	67	53	32	74	36	41	35	57	29	51	32	39	49	33	49	50	28	56	47	38	32	34	37	46	27	19	32	52	51	15	45	20	41	43	56	58	51	37	54	44	37	30	55	27	11	46	52	37	41	35	38	53	30	45	30	41	31	53	54	40	23	47	17	35	24	46
A[C>T]G	126	130	71	109	98	118	155	119	84	102	86	81	120	154	46	84	131	87	71	52	83	151	169	135	57	133	90	56	67	36	103	94	77	99	115	383	86	105	127	117	107	90	54	92	133	96	94	91	77	69	72	93	72	97	107	80	94	159	125	140	99	132	94	59	93	79	138	664	106	129	71	86	127	69	96	152	96	133	107	112	117	236	74	113	105	60	72	90	108	59	72	134	104	101	116	106	56	78	83	78	103	88	100	107	99	111	110	115	70	124	85	76	118	111	77	106	82	61	107	112	142	134	84	76	156	104	122	131	121	83	114	109	68	38	100	95	102	103	110	114	141	136	112	84	111	108	102	69	97	107	132	76	76	106	103	132	96	130	102	35	97	88	102	78	72	92	63	100	118	75	87	111	145	134	114	73	100	126	94	84	91	102	59	78	89	83	38	114	107	104	104	104	202	96	98	118	131	99	106	79	118	73	75	93	75	71	104	85	97	87	134	102	124	111	155	168	101	88	130	108	42	68	88	76	130	63	75	55	65	65	60	103	79	55	94	105	84	105	52	56	46	92	50	50	77	60	84	75	100	107	114	132	112	114	99	86	105	173	82	109	67	110	79	138	85	102	58	86	92	106	105	130	51	81	138	89	70	114	58	100	67	41	122	102	72	70	103	47	92	103	122	130	112	66	106	106	84	69	76	57	121	92	108	56	120	83	99	92	80	109	81	68	78	93	83	90	72	107	91	64	80	135
A[C>T]T	33	65	67	57	63	68	85	58	51	98	61	66	57	85	49	37	125	87	54	38	52	85	72	61	51	59	36	42	36	25	51	42	34	27	58	163	54	50	100	74	84	61	18	50	61	111	94	52	44	47	42	49	54	66	57	53	52	61	69	54	49	56	86	26	42	61	54	248	74	58	25	36	41	30	28	60	39	72	62	54	50	121	13	50	40	40	29	59	51	43	43	60	50	45	72	66	47	55	29	27	77	59	53	52	54	69	62	61	56	57	39	37	46	72	74	51	59	42	39	55	91	52	43	52	69	49	53	54	45	50	53	63	58	15	41	40	74	56	75	56	67	52	66	77	55	97	76	32	59	40	70	97	20	82	51	54	54	79	45	39	58	39	38	34	62	40	48	49	48	53	61	64	58	68	52	66	38	51	51	32	48	54	40	37	46	60	57	59	69	42	65	46	103	26	66	55	76	37	49	48	52	24	33	49	44	56	40	59	53	52	75	72	54	75	67	61	44	64	53	87	31	42	36	59	61	32	19	38	28	21	41	50	44	38	65	60	69	70	20	14	32	48	40	45	37	34	52	36	84	58	52	66	64	46	38	74	56	75	33	50	35	55	36	62	56	42	37	46	56	32	52	62	18	53	50	47	33	54	21	54	34	26	63	44	14	30	45	13	56	61	59	44	45	40	57	41	50	49	29	51	35	55	64	31	55	39	52	64	32	41	32	25	51	61	44	37	27	50	28	34	23	56
C[C>T]A	19	78	48	47	77	95	103	58	37	107	69	84	54	100	46	37	37	102	36	38	31	75	58	75	51	50	41	26	15	19	41	39	30	42	81	150	61	41	86	71	84	58	20	47	55	159	38	60	39	28	41	69	48	77	57	47	60	87	66	63	42	56	89	15	63	64	57	249	78	57	34	35	35	29	27	74	34	65	65	77	46	130	20	50	54	21	29	60	51	33	37	44	46	50	95	53	37	42	34	21	55	51	70	52	70	45	59	50	44	49	51	59	68	89	87	33	78	61	42	55	91	41	52	47	73	36	65	73	40	50	52	73	39	18	47	85	79	71	63	32	61	44	72	49	79	117	50	37	61	50	65	86	30	40	33	59	42	58	48	42	60	61	48	31	74	39	48	53	34	44	76	52	65	46	50	48	64	54	36	47	60	71	31	58	46	42	71	43	52	42	36	51	85	37	48	48	131	50	59	67	80	24	44	52	56	37	33	70	62	79	65	82	98	81	74	67	39	52	62	80	15	39	42	58	69	36	16	37	50	33	46	54	57	52	84	67	69	110	15	29	14	41	47	26	32	30	62	35	68	80	64	69	49	52	62	84	68	62	23	53	33	50	35	59	46	38	39	69	70	39	62	59	32	51	59	45	47	51	41	53	43	27	54	48	65	42	53	27	51	91	72	66	49	51	49	79	25	30	32	40	57	66	73	28	83	54	43	61	34	45	38	43	53	72	46	51	38	59	43	42	34	70
C[C>T]C	23	65	47	26	50	72	94	47	42	53	33	72	57	82	35	37	75	67	25	32	43	70	46	73	51	66	43	23	27	18	60	40	30	32	41	138	31	53	86	67	77	45	18	39	59	106	38	55	41	41	37	45	41	74	54	42	41	66	54	56	57	69	62	15	55	57	53	261	44	64	19	36	54	32	37	60	23	84	60	65	30	113	30	53	58	11	31	53	45	28	34	60	58	65	62	40	14	46	39	33	57	43	57	57	60	55	45	36	32	65	50	53	55	33	85	50	58	53	63	50	100	46	29	65	60	35	57	38	42	43	26	51	63	21	23	50	102	60	78	37	48	52	76	66	127	101	45	50	59	49	44	49	19	62	23	32	32	70	33	20	68	24	40	28	53	21	43	48	43	50	185	62	75	46	46	35	48	20	33	42	37	42	21	42	53	42	67	35	63	42	30	44	88	25	50	61	89	48	52	47	44	30	19	58	52	39	32	35	36	51	64	56	65	57	57	69	30	72	46	104	22	36	54	56	53	29	30	22	34	21	38	45	35	43	94	75	63	132	12	21	20	35	39	36	45	35	45	47	53	57	40	58	65	49	36	70	50	55	34	57	33	38	34	58	52	49	39	46	72	49	58	48	21	48	45	52	22	38	50	50	44	23	49	40	65	42	73	20	35	45	63	72	49	50	59	54	50	67	42	38	29	39	59	25	55	44	40	62	38	48	13	32	27	61	28	24	27	76	23	25	55	58
C[C>T]G	33	26	67	31	54	76	78	47	47	89	52	46	45	108	38	32	62	92	53	40	64	73	104	83	39	91	33	35	31	33	64	45	50	40	58	351	42	52	82	67	15	52	31	52	92	87	66	50	51	49	33	40	58	61	57	29	41	63	71	81	36	75	72	19	25	50	84	579	77	35	43	41	64	14	43	125	43	69	57	54	55	135	45	65	65	26	28	49	68	57	47	62	33	50	50	31	42	41	43	64	71	58	48	40	48	50	58	54	66	77	51	52	66	66	72	59	69	19	48	55	105	60	44	66	104	42	65	50	62	38	53	70	63	15	34	75	52	72	66	61	57	95	54	64	16	102	43	48	41	28	81	27	34	46	40	70	36	84	59	29	39	61	47	11	29	61	37	63	41	25	56	67	70	80	74	44	46	90	52	52	52	71	55	52	79	30	76	51	66	30	67	70	186	54	31	82	34	65	47	47	63	37	43	58	54	52	50	67	51	54	73	38	39	67	67	89	43	60	46	46	18	42	50	56	69	35	33	25	32	30	29	57	47	44	61	71	60	81	19	37	32	43	44	26	66	37	44	53	45	76	54	61	47	46	57	70	75	90	41	63	44	58	42	91	56	77	62	37	58	47	41	68	36	54	75	41	18	60	46	68	30	35	55	68	29	42	45	20	56	55	72	84	50	33	39	87	62	76	34	49	40	94	64	28	53	52	54	89	38	54	58	52	37	61	31	69	56	47	51	54	31	64
C[C>T]T	28	61	61	47	69	121	131	71	79	107	60	90	96	106	53	39	81	87	48	58	77	88	82	105	45	89	39	23	33	26	61	42	46	45	62	172	59	58	141	110	123	59	24	66	71	187	104	60	44	63	49	63	56	106	70	66	64	88	87	74	85	69	119	30	101	114	115	366	110	100	40	66	77	33	37	69	51	126	78	123	57	106	27	51	93	28	40	67	62	30	60	71	63	65	100	93	42	71	33	29	78	59	61	85	66	75	62	55	74	70	55	53	69	94	87	74	82	40	67	86	120	55	57	64	91	54	61	58	51	44	70	46	58	26	43	60	86	71	84	60	107	86	95	102	135	122	59	56	92	69	50	70	24	97	56	75	65	87	65	44	76	46	67	34	57	52	49	75	59	69	166	62	77	89	69	75	64	52	64	47	64	77	54	73	36	60	95	67	69	44	48	58	134	48	90	75	93	78	70	79	87	29	49	89	64	54	50	68	63	77	105	80	88	67	82	90	53	68	97	103	27	39	73	72	99	66	32	36	44	52	47	60	55	61	97	91	96	130	40	37	42	70	40	50	51	60	59	42	95	76	63	85	102	60	65	93	64	107	42	57	60	76	61	82	64	62	42	82	84	63	82	80	28	53	93	50	37	67	33	62	68	19	65	70	94	42	75	74	69	78	85	94	57	59	64	63	57	35	52	47	51	51	68	37	117	52	72	70	60	68	45	55	49	65	68	66	44	55	48	27	54	95
G[C>T]A	9	82	53	16	56	49	49	36	9	102	44	40	63	65	49	27	19	67	30	31	35	46	59	65	48	37	24	23	29	18	66	36	34	30	37	141	47	46	59	50	77	49	27	52	44	101	47	65	36	39	36	51	43	67	45	24	11	55	33	53	38	49	59	30	63	43	54	284	75	42	43	51	32	29	30	46	17	35	73	63	44	86	13	53	48	18	36	48	45	24	23	54	58	48	67	84	56	59	22	23	78	36	56	52	38	62	46	28	45	44	30	37	45	44	37	37	51	53	53	39	86	33	27	49	62	34	64	23	42	41	53	46	68	23	32	50	69	43	58	26	70	48	46	81	55	75	42	26	47	42	40	32	17	46	43	51	42	42	30	37	34	48	33	36	38	33	27	44	25	34	67	50	43	52	39	29	41	31	39	35	39	42	19	39	49	36	29	59	69	15	44	65	86	25	34	41	76	57	63	37	46	19	25	35	41	22	52	21	26	54	54	54	48	61	33	40	39	44	53	41	25	35	31	36	48	21	17	34	21	29	32	50	42	17	68	60	77	62	27	19	32	28	39	36	25	35	43	42	59	82	68	59	46	34	47	70	46	52	22	42	29	35	35	54	15	42	21	24	48	38	59	30	27	47	40	26	33	46	21	44	28	21	43	38	0	29	26	7	47	46	43	54	55	37	47	44	22	30	29	47	24	53	59	25	60	42	51	65	40	29	36	34	49	42	31	50	34	43	34	32	23	54
G[C>T]C	19	35	46	78	35	64	69	48	61	49	36	60	60	74	33	30	100	46	24	23	46	60	55	50	27	53	22	17	22	21	37	32	34	23	48	123	30	46	64	50	138	52	29	30	56	53	85	58	31	24	25	45	46	84	56	54	34	61	44	45	51	56	64	7	63	61	69	210	64	42	31	41	49	15	25	97	29	35	54	54	29	86	25	27	51	28	23	41	28	30	33	50	58	36	65	35	42	23	10	23	32	36	38	39	46	44	43	40	45	34	30	35	55	78	48	45	59	40	35	49	73	55	22	38	61	36	46	35	25	31	55	49	43	18	40	35	57	39	78	35	58	66	74	61	71	77	50	37	52	29	32	27	20	33	40	29	48	57	34	37	53	39	26	34	52	30	32	53	43	52	158	44	42	36	45	59	29	49	32	39	33	59	21	37	36	24	43	67	33	24	25	48	75	25	45	41	47	37	52	47	31	25	28	37	29	40	48	35	45	44	70	66	41	42	43	28	42	30	29	48	12	45	29	59	61	20	19	20	18	23	26	33	48	25	44	50	60	50	34	13	29	32	47	42	46	32	59	48	51	51	36	59	65	40	37	55	49	51	30	37	29	33	31	43	41	46	30	43	36	32	47	43	18	51	45	39	30	43	46	46	36	23	33	29	14	19	37	34	51	58	40	54	36	33	57	49	22	25	25	40	26	55	52	28	62	28	47	48	40	37	15	25	33	36	30	35	18	31	54	30	29	39
G[C>T]G	33	69	43	57	65	57	75	69	65	53	60	69	51	119	57	75	12	61	68	49	70	100	97	57	43	80	43	40	46	30	68	77	67	57	79	286	50	59	91	60	77	32	35	66	76	58	38	54	43	55	41	34	41	74	54	23	67	79	56	63	32	68	52	48	55	29	94	582	71	57	57	69	70	33	52	129	56	111	56	94	57	157	44	62	81	51	49	67	28	37	66	60	63	97	69	22	33	36	72	44	66	54	68	80	66	56	58	58	71	90	57	52	84	78	64	65	69	27	44	84	116	64	38	44	61	50	90	46	64	49	72	60	58	32	58	70	42	69	92	68	86	103	72	49	127	84	43	31	54	59	61	65	44	64	74	40	53	108	67	37	49	52	50	42	41	34	59	54	69	50	61	81	71	58	103	66	38	67	49	52	40	49	41	48	69	66	48	63	74	50	61	68	172	54	47	69	25	88	54	70	74	19	53	39	66	59	50	57	38	58	72	59	71	71	52	75	64	64	57	82	27	26	56	67	70	43	48	23	37	33	38	52	61	34	68	61	50	83	29	29	37	65	35	30	45	52	58	44	77	62	71	86	77	70	65	86	72	118	41	68	51	69	38	66	45	42	30	37	49	35	72	77	28	51	87	57	27	62	54	59	47	21	66	69	22	41	28	20	54	43	77	82	69	40	54	25	50	35	44	38	79	62	82	42	78	63	51	79	36	64	36	82	63	67	67	58	43	59	77	29	60	85
G[C>T]T	19	17	51	26	53	87	80	33	23	62	50	64	64	77	40	23	56	61	35	40	33	63	35	74	33	53	20	28	19	14	48	27	22	40	57	156	42	43	82	46	61	32	35	49	59	72	85	38	34	39	24	37	39	79	37	45	41	59	42	63	45	73	83	30	42	43	66	207	39	61	45	35	41	35	36	46	20	57	53	65	37	72	25	38	45	19	27	49	51	33	37	62	75	55	59	49	42	28	22	17	55	42	39	49	46	56	42	43	45	67	30	37	59	111	47	41	59	34	54	71	77	41	32	47	46	43	56	42	47	45	44	29	24	26	34	55	55	37	64	53	59	50	54	76	103	81	64	37	61	33	56	43	14	44	48	48	39	76	40	31	65	34	47	22	53	28	27	36	49	44	99	27	42	45	44	57	45	51	41	20	36	37	22	46	46	72	76	24	60	59	40	50	107	34	39	51	51	32	52	44	65	19	43	60	25	30	45	49	38	65	46	56	60	50	59	67	52	25	51	65	19	33	47	34	47	41	14	29	27	23	38	34	51	31	72	58	55	74	34	33	23	41	50	27	25	18	49	43	61	32	51	40	65	40	41	52	60	67	28	41	30	35	26	45	39	51	28	33	36	43	44	57	18	33	43	35	33	34	17	52	31	13	39	38	14	24	37	27	42	40	40	54	35	42	37	25	22	39	34	25	22	50	64	17	44	39	43	42	36	46	21	54	33	30	28	53	38	45	20	29	36	58
T[C>T]A	33	86	68	36	74	102	93	49	42	120	72	94	73	106	59	43	62	61	43	50	59	100	62	68	45	73	32	30	26	22	60	39	37	30	65	177	64	59	105	67	46	83	14	43	72	187	104	43	48	53	57	70	58	104	83	72	64	87	83	63	58	59	113	30	63	100	76	262	99	65	45	62	64	51	31	46	40	94	78	72	51	142	17	66	59	49	33	59	51	57	29	51	71	45	96	75	47	51	47	25	77	44	70	71	58	79	62	73	69	106	47	51	52	155	94	68	85	37	56	80	111	46	57	69	84	42	60	58	61	58	69	61	68	22	30	65	101	53	96	70	70	58	85	94	111	111	62	37	64	57	93	86	17	68	43	62	44	99	38	32	76	52	43	23	60	55	52	49	53	66	56	55	71	44	74	59	70	75	48	47	48	63	35	50	30	48	76	90	66	39	69	60	85	31	90	63	93	57	47	73	94	25	37	87	89	49	65	46	60	86	70	75	101	109	110	80	43	66	104	106	31	50	44	74	62	39	33	26	32	29	47	64	70	174	94	73	75	81	30	27	26	47	61	56	29	54	75	75	79	96	62	70	80	69	45	111	76	66	34	74	44	43	29	59	48	55	37	59	68	46	80	52	25	54	62	35	37	52	54	62	50	14	39	49	80	26	71	27	45	45	47	77	43	42	64	68	37	47	44	27	51	73	75	17	62	55	58	59	54	48	41	50	41	42	28	40	41	59	26	32	42	89
T[C>T]C	42	95	43	52	80	68	116	44	42	111	61	73	73	85	53	39	119	97	33	43	52	93	55	71	58	62	28	30	27	28	45	57	54	38	74	185	58	47	82	60	100	61	22	54	63	82	75	57	25	38	45	64	68	87	51	47	37	87	87	74	62	52	86	41	47	71	92	274	61	58	51	45	52	43	30	65	25	89	57	65	33	99	32	47	66	33	28	57	51	28	36	62	79	83	98	66	33	55	27	27	68	67	45	69	62	76	56	46	60	83	46	58	56	111	60	63	48	53	66	71	96	38	55	55	76	58	60	58	35	50	61	63	58	15	51	55	79	58	90	74	93	48	79	79	111	93	59	23	79	43	67	103	30	71	33	42	57	93	49	29	62	43	52	31	52	42	53	46	33	66	92	49	73	58	60	46	64	72	30	45	33	60	48	52	43	137	48	67	36	39	56	48	100	37	68	55	76	48	70	70	68	19	28	47	46	62	45	53	56	66	72	67	88	77	59	64	52	71	73	89	28	40	55	84	74	41	30	26	32	32	40	45	55	69	90	52	66	83	27	24	39	38	49	46	45	44	64	57	81	68	63	65	64	55	49	102	60	62	39	74	28	38	32	66	39	49	30	54	72	30	49	82	20	56	59	47	38	34	25	41	36	24	44	70	58	34	55	34	55	45	72	76	63	37	54	35	42	39	42	51	24	64	80	25	64	37	49	58	40	58	45	38	53	53	46	24	43	48	45	35	29	50
T[C>T]G	28	61	31	26	44	53	63	48	56	71	35	48	54	69	35	53	81	77	33	28	44	63	64	34	50	56	33	42	15	24	51	31	37	36	35	223	44	28	55	53	23	56	21	46	59	43	38	38	23	30	34	40	41	51	34	17	30	59	42	40	41	35	46	15	8	21	44	420	61	45	25	41	39	23	36	60	46	60	51	41	51	121	25	51	44	23	31	50	51	30	43	45	38	41	56	27	19	23	29	23	54	38	41	42	42	47	39	54	45	67	41	47	42	11	42	31	54	34	45	52	85	41	35	40	45	34	45	54	37	43	61	39	39	23	40	40	48	32	53	67	62	42	62	46	24	56	38	24	34	35	40	59	34	35	35	46	38	36	24	32	65	48	38	33	29	37	43	31	56	32	40	60	78	50	52	37	45	47	29	40	31	39	33	26	36	54	43	43	38	36	34	60	100	34	48	55	55	32	50	28	49	30	29	47	37	30	42	40	33	38	49	49	53	28	42	45	23	41	55	70	13	28	38	36	53	28	19	20	47	27	26	40	32	38	31	49	41	36	34	32	21	36	34	23	29	40	36	43	50	28	37	45	50	32	40	42	78	82	35	48	41	43	29	53	12	60	37	39	41	32	35	45	30	45	59	25	23	38	37	31	30	15	62	52	22	38	22	47	42	41	28	57	33	31	30	54	55	39	44	36	29	28	33	17	53	26	45	37	28	40	28	32	59	34	37	35	35	26	48	32	24	46
T[C>T]T	37	86	61	73	84	87	100	64	37	116	64	93	51	72	45	66	106	82	38	26	56	90	73	66	50	59	20	45	12	18	60	42	21	36	69	149	51	47	100	74	100	61	31	42	65	87	57	46	28	41	33	52	66	74	77	45	45	87	59	57	54	68	93	33	38	79	85	238	71	57	37	53	60	40	36	74	31	76	57	58	57	106	30	51	56	30	27	38	62	28	40	55	38	61	127	102	56	49	30	39	45	55	74	56	66	83	51	55	59	54	46	63	55	116	60	52	58	37	39	65	99	50	46	41	80	43	69	42	27	45	49	53	48	12	30	40	82	55	87	89	84	52	60	84	95	111	64	35	87	54	50	70	22	73	40	37	53	70	38	31	60	57	50	29	48	50	37	41	23	52	64	29	52	56	60	77	48	52	48	56	48	59	36	53	43	72	91	51	60	47	40	53	68	39	52	61	51	57	57	59	61	22	25	54	60	40	57	49	59	61	78	79	60	59	50	51	43	53	75	91	36	49	34	53	76	27	32	36	28	33	47	39	52	110	90	60	72	92	44	26	33	36	44	45	38	40	54	46	75	69	44	55	69	52	55	87	68	82	27	41	35	42	27	50	41	46	35	46	77	33	58	54	28	39	61	60	30	54	17	46	39	27	47	49	80	33	43	27	51	49	60	63	51	37	59	41	42	32	40	25	51	55	54	25	71	52	51	53	32	51	34	39	35	68	63	45	26	59	28	25	33	75
A[T>A]A	9	56	94	114	83	709	656	51	42	356	138	450	222	323	155	50	861	36	20	17	29	42	34	45	22	31	20	10	15	15	20	20	16	27	37	84	23	34	55	46	31	25	14	34	42	91	85	46	21	20	24	37	19	57	15	29	26	567	224	58	30	33	47	19	89	111	59	90	41	26	27	32	26	19	22	65	20	40	22	34	25	45	13	32	36	19	12	55	57	22	21	32	25	14	51	35	23	22	15	7	40	34	30	37	27	34	42	28	25	34	24	25	49	50	40	24	44	64	23	35	28	31	27	27	35	26	38	50	45	33	24	36	24	21	26	657	39	35	50	32	39	44	41	41	79	65	31	31	314	45	309	443	32	469	26	22	27	60	28	23	40	36	33	23	33	18	36	37	25	23	40	29	274	29	35	29	27	52	38	20	22	38	26	39	36	42	52	20	22	12	20	43	48	14	37	31	76	35	33	39	54	8	21	29	44	27	38	21	29	35	64	28	42	36	35	32	132	652	57	269	18	13	40	368	202	13	10	24	31	23	118	43	106	114	925	322	208	1944	20	14	24	26	35	40	17	35	32	24	48	33	35	44	47	19	23	48	33	90	24	18	25	22	24	32	15	38	25	26	208	24	38	21	18	26	31	22	25	32	50	34	24	6	25	33	29	10	28	34	44	34	52	40	36	20	27	44	35	32	18	11	15	43	45	22	39	30	31	42	18	26	15	16	18	34	20	24	15	24	31	19	18	33
A[T>A]C	5	17	29	31	35	83	106	27	19	67	38	81	47	61	33	12	131	15	12	12	18	31	26	23	9	20	9	7	5	6	23	15	13	8	41	49	17	13	32	21	38	9	13	14	15	29	19	21	13	8	14	19	25	16	17	18	37	86	39	26	19	19	24	7	30	43	18	84	19	18	16	9	19	15	14	37	14	34	33	22	28	29	10	17	15	11	8	17	34	11	11	19	25	20	29	31	9	9	15	10	20	11	14	16	20	17	25	31	18	15	15	21	22	33	30	14	27	24	15	19	30	20	8	16	24	13	24	15	13	20	18	15	14	11	15	120	25	11	29	18	14	31	19	35	24	27	16	11	56	17	59	76	10	88	14	11	21	27	12	7	15	22	19	8	17	13	16	15	11	18	16	12	53	8	15	26	21	20	10	5	9	19	5	19	7	12	14	24	14	12	22	17	29	9	21	27	21	11	26	25	25	10	8	16	10	15	13	15	22	30	22	20	23	28	27	23	28	99	22	65	7	17	16	52	46	11	6	12	10	6	15	21	19	34	120	54	35	275	20	10	13	16	15	14	14	12	15	15	18	22	16	17	31	15	20	28	20	26	11	11	12	17	13	20	14	11	12	28	44	13	19	16	7	19	28	17	13	11	12	19	8	11	13	12	7	7	16	0	14	25	16	18	26	11	17	19	10	22	10	17	13	28	19	6	18	20	14	20	26	11	6	20	18	23	11	19	14	19	31	10	8	19
A[T>A]G	19	39	86	83	57	535	513	56	47	338	99	323	199	268	118	26	661	51	10	18	26	46	32	29	21	47	25	12	7	17	21	15	29	23	37	51	30	30	100	42	31	36	14	16	27	29	104	28	10	22	22	36	31	76	38	14	22	496	147	50	27	43	43	4	85	96	44	98	44	28	18	24	42	19	7	69	19	65	25	49	17	47	18	24	23	14	12	56	23	19	13	41	13	28	77	22	33	35	23	16	41	32	32	34	32	33	31	31	26	46	25	24	42	50	38	31	47	29	18	30	56	30	30	34	43	18	34	31	35	16	29	22	24	9	23	451	58	32	58	53	23	28	48	43	40	65	35	81	304	43	253	248	37	342	20	26	23	48	24	22	28	37	21	17	45	30	25	25	23	28	28	25	217	40	37	24	33	28	20	30	28	23	33	32	26	18	38	24	36	21	25	38	45	6	26	34	55	36	35	44	49	13	27	33	23	24	12	20	18	32	32	52	32	38	35	28	101	567	53	245	13	33	32	326	172	25	19	14	24	15	111	34	94	124	752	235	122	1475	15	12	16	32	20	33	20	17	21	26	43	40	33	29	41	25	28	43	29	69	18	22	20	26	22	29	23	33	16	28	169	27	42	43	16	23	39	19	22	25	12	27	20	16	27	31	22	10	53	27	24	43	21	41	37	33	27	33	22	20	15	23	22	21	40	8	34	39	24	28	6	15	17	18	39	29	26	13	29	31	20	19	29	46
A[T>A]T	5	22	33	36	48	167	174	38	37	107	58	163	104	83	48	30	218	61	27	14	31	48	34	41	15	39	24	26	14	18	34	22	19	23	42	70	37	21	95	67	31	32	17	30	26	77	38	28	30	27	17	36	27	69	32	47	37	190	68	44	47	33	43	26	47	39	44	113	35	33	18	41	26	21	18	65	17	32	50	32	26	56	20	24	42	18	20	39	34	11	29	43	29	30	52	62	23	26	25	18	49	23	27	26	29	53	31	31	34	57	20	43	43	33	42	27	41	40	25	45	46	19	35	34	46	21	29	27	22	24	32	19	19	9	19	135	41	50	70	35	46	36	45	31	63	59	31	32	129	28	114	162	12	152	22	27	41	40	18	25	34	30	31	22	31	27	26	36	20	39	45	34	97	25	30	15	35	29	32	30	16	51	22	39	39	24	43	27	30	33	31	22	48	14	32	35	38	41	35	30	50	15	21	37	35	35	20	20	45	55	37	51	50	32	25	32	45	193	29	113	19	27	24	107	83	27	12	14	24	21	41	25	58	42	263	90	57	485	27	21	21	28	20	32	23	20	33	18	35	51	40	28	35	25	38	36	41	55	19	31	19	17	24	30	23	29	32	28	73	30	27	37	21	26	33	19	28	44	37	41	23	5	27	33	22	8	24	20	56	46	24	30	27	29	25	27	27	17	20	19	42	28	54	17	32	33	25	61	22	35	32	29	27	25	18	26	26	36	45	20	26	54
C[T>A]A	5	56	118	161	98	1111	1073	91	37	631	204	674	364	475	215	36	1353	41	14	12	21	40	21	19	14	17	13	16	17	4	35	14	10	15	25	27	17	21	55	42	31	23	6	20	27	29	28	19	16	16	9	27	19	20	18	9	7	887	352	71	16	24	43	11	127	82	30	52	39	15	7	9	22	7	7	115	15	35	19	22	22	27	15	15	17	5	16	63	79	11	11	17	29	23	54	9	0	16	9	7	34	13	17	11	20	19	18	16	18	18	7	19	25	28	28	18	25	77	19	22	19	12	19	20	19	19	15	31	34	19	23	15	5	9	13	1093	22	14	29	23	12	9	12	13	32	45	28	34	447	24	522	631	17	696	20	21	36	37	26	13	18	18	17	3	17	9	14	27	7	14	23	17	396	12	25	13	16	28	14	15	16	16	9	20	23	12	24	24	30	30	17	15	26	5	23	17	25	21	23	14	22	10	20	16	27	22	18	13	19	27	37	26	30	20	23	17	208	1167	57	408	12	21	25	571	316	27	1	17	35	8	182	28	101	172	1449	499	248	2914	12	24	16	21	18	23	22	25	22	11	28	29	11	20	28	14	19	31	14	124	9	24	20	24	8	24	10	18	16	17	282	14	25	12	11	11	11	12	18	17	12	18	21	10	17	24	14	8	14	13	27	22	25	26	16	11	30	25	12	15	18	17	11	11	33	11	30	22	11	16	16	17	13	7	18	23	18	16	9	31	6	20	21	42
C[T>A]C	19	43	53	68	39	387	335	49	28	227	89	248	126	211	64	29	468	36	19	17	29	43	24	31	19	30	17	19	12	10	32	22	14	11	19	46	18	18	32	32	46	36	15	16	27	62	38	22	20	22	26	33	29	29	31	20	37	349	144	23	32	28	37	19	76	39	31	57	25	26	22	23	20	17	16	46	19	25	33	29	28	23	10	27	22	5	11	36	51	19	16	29	38	14	18	22	28	16	8	13	29	24	21	20	23	30	42	26	20	21	19	31	25	33	32	22	21	56	12	22	32	14	32	23	20	13	20	42	34	13	20	19	34	11	19	346	26	21	26	30	35	17	25	16	63	31	33	19	164	21	183	232	8	221	16	14	15	43	26	13	28	15	16	19	21	15	19	19	13	25	50	15	160	17	16	18	18	20	10	24	21	26	24	16	16	54	14	20	14	27	8	22	31	6	34	18	38	24	14	26	31	8	17	17	29	8	22	21	25	38	35	23	30	34	33	33	74	462	40	158	19	14	12	229	128	27	6	19	34	18	69	26	50	77	506	167	88	1053	13	17	13	16	24	35	9	25	14	19	29	29	21	30	32	20	22	41	33	43	5	22	16	24	11	18	17	33	23	37	181	19	47	29	5	14	23	20	13	25	17	22	11	4	13	28	29	4	26	0	21	22	27	24	38	7	17	41	42	12	18	17	22	34	59	6	37	30	31	36	12	14	11	11	25	42	20	24	14	22	20	30	29	25
C[T>A]G	14	82	118	177	99	1008	1159	117	42	707	270	783	408	565	234	58	1453	56	35	15	31	33	34	26	14	34	25	23	12	18	46	24	16	34	39	63	24	30	45	28	8	50	17	27	45	34	9	32	26	30	17	36	31	54	30	30	30	1085	385	87	26	45	44	7	123	93	41	77	44	23	15	21	32	11	18	166	23	50	40	43	28	49	10	35	27	16	16	81	62	24	24	29	33	30	70	40	42	23	20	29	32	50	30	31	36	34	42	25	27	41	21	30	38	44	37	26	41	80	31	50	53	34	25	34	31	19	41	38	47	37	26	24	0	15	26	1334	52	32	64	46	26	30	41	36	48	83	26	47	540	59	597	658	47	754	17	22	30	52	32	25	45	36	22	19	28	13	22	41	31	21	62	45	518	36	38	15	29	49	12	30	21	26	22	29	16	30	43	24	27	36	33	31	35	16	37	30	17	25	28	25	28	5	19	43	29	51	30	14	36	55	45	28	35	46	35	25	228	1376	102	500	9	24	30	681	379	29	19	31	53	23	238	40	129	230	1611	548	287	3637	15	26	26	17	22	26	31	30	23	24	43	45	33	33	44	25	31	48	26	106	29	41	28	27	14	34	8	40	30	24	360	24	51	52	18	28	19	29	17	29	29	32	24	12	22	29	22	14	37	34	36	34	38	32	36	26	17	52	45	35	27	42	24	30	40	20	51	31	25	42	46	28	15	18	31	30	30	22	18	33	40	20	18	54
C[T>A]T	9	56	73	83	44	481	431	41	61	351	121	288	159	198	80	33	511	26	17	18	17	46	20	31	10	28	17	12	19	14	18	24	18	25	32	47	27	30	50	21	69	27	8	30	35	29	19	21	20	27	29	27	23	36	24	29	45	424	161	57	35	31	56	19	55	46	39	64	23	23	15	11	42	22	15	74	22	34	31	41	23	54	18	30	31	18	11	41	28	19	14	36	13	23	56	40	33	22	19	17	43	32	27	32	24	31	31	34	15	21	17	28	40	44	25	27	39	37	23	37	35	25	27	17	34	26	24	50	25	15	26	24	24	12	21	542	41	29	35	30	32	34	27	31	55	83	29	18	188	29	245	243	15	289	17	29	29	43	24	16	28	10	21	25	29	19	23	24	26	32	67	27	205	23	34	18	25	46	9	27	25	27	35	30	43	12	29	24	22	27	20	39	33	22	24	32	64	29	28	30	31	24	16	29	25	27	27	31	26	39	41	36	33	36	17	31	80	471	53	211	4	21	41	223	150	24	9	13	21	14	90	31	75	99	589	203	116	1184	20	29	19	18	20	33	28	18	31	26	37	44	36	30	25	27	24	29	27	78	15	37	26	26	20	30	23	31	23	20	167	30	34	36	21	12	33	31	27	36	25	24	20	6	24	33	22	10	18	13	17	31	29	24	19	22	22	27	22	17	18	17	33	32	24	11	34	24	16	20	16	23	21	21	27	38	26	26	21	33	37	27	26	35
G[T>A]A	5	65	68	88	54	516	508	44	37	258	105	287	159	220	100	37	611	26	10	8	12	28	9	18	7	16	11	12	7	7	17	10	6	11	21	35	10	18	27	18	15	14	8	18	26	19	9	24	7	19	11	9	12	29	18	11	11	424	144	38	11	16	29	7	55	39	23	31	19	26	12	21	15	10	6	37	6	16	16	18	15	34	10	9	23	9	7	32	17	6	9	16	13	8	30	0	5	15	10	5	15	19	20	12	15	19	13	15	7	23	11	16	17	61	17	13	17	34	13	26	21	10	22	18	12	10	14	27	20	12	17	5	14	5	11	607	13	19	29	21	19	17	8	33	32	36	16	18	244	12	238	254	10	295	12	21	15	21	16	9	10	6	9	8	9	12	26	8	16	12	16	17	175	13	14	15	14	8	10	7	13	10	12	9	10	18	19	24	22	3	14	21	13	11	19	17	21	12	24	23	17	10	11	21	25	10	10	11	14	14	10	18	23	22	18	16	98	520	33	200	4	12	16	251	156	8	7	13	31	14	93	21	62	81	641	227	100	1420	5	9	9	13	15	14	11	3	18	7	22	17	19	15	13	12	8	21	10	52	9	9	4	9	9	9	12	15	9	13	154	5	18	14	12	9	16	12	2	7	0	15	5	2	9	12	0	7	14	7	13	23	13	13	9	15	25	8	10	12	7	8	7	16	24	8	11	17	14	14	4	8	19	7	10	6	11	5	6	7	6	10	10	8
G[T>A]C	14	17	19	21	17	76	80	13	5	53	27	58	29	45	21	7	94	26	9	6	10	12	12	22	9	16	0	3	2	3	12	10	11	6	5	41	11	9	23	25	23	16	8	7	14	24	19	11	10	6	8	9	10	11	8	9	11	67	29	13	19	16	20	11	21	7	7	49	9	12	9	6	15	11	11	28	6	12	9	14	17	14	5	9	11	7	5	10	0	7	10	12	8	6	19	4	9	15	6	5	18	23	6	19	20	14	12	11	10	13	12	9	19	22	17	5	20	24	3	12	18	8	11	8	8	6	11	4	13	5	9	7	19	5	9	65	9	10	17	9	16	9	8	23	8	27	9	5	39	12	38	27	10	59	13	11	6	15	7	3	16	6	9	8	9	4	4	14	7	9	23	7	36	12	14	9	8	15	9	8	4	5	5	6	10	6	5	16	14	3	14	10	12	9	16	18	4	11	12	6	14	2	9	19	12	5	15	14	12	21	25	10	14	20	10	11	16	72	7	45	7	12	12	45	41	6	7	7	12	8	15	15	19	17	107	26	24	239	10	14	6	13	8	12	8	10	9	10	19	18	9	7	18	8	15	14	14	25	3	18	7	11	8	9	17	18	7	4	48	9	9	20	2	16	12	13	7	15	4	13	7	4	11	8	22	8	16	13	13	22	21	14	19	4	7	14	10	5	7	9	11	4	28	3	14	9	7	17	16	12	13	5	12	17	6	5	8	16	20	10	13	21
G[T>A]G	9	43	33	78	29	197	251	32	5	138	61	166	69	105	57	22	306	0	21	11	23	30	26	22	9	8	6	9	12	1	21	26	5	6	19	38	18	15	41	21	38	13	8	4	27	24	38	22	11	13	8	24	21	37	13	15	15	229	81	21	15	23	33	0	42	14	44	44	16	35	7	21	33	8	12	32	5	31	28	9	19	22	15	9	18	12	7	28	11	17	11	27	0	9	25	4	28	22	9	7	15	16	20	11	23	11	20	20	7	21	16	21	23	22	27	20	24	21	23	34	24	23	16	18	20	15	12	27	19	9	21	14	14	7	23	246	23	24	26	19	19	17	25	25	48	40	16	31	121	19	137	119	14	187	10	22	17	24	18	12	31	13	16	9	21	15	30	17	15	16	19	17	118	34	19	11	30	26	14	12	19	27	17	16	3	6	19	16	16	9	36	14	26	9	18	30	17	20	30	14	13	2	11	12	37	13	18	14	12	27	24	21	35	28	18	23	58	272	31	139	7	17	25	133	95	11	6	14	27	15	49	23	51	63	252	110	50	705	12	21	7	21	30	17	18	15	19	7	37	29	8	25	25	19	15	32	26	42	13	18	3	10	14	14	15	13	16	20	106	9	22	20	4	17	11	17	12	16	4	25	13	3	14	13	29	13	12	7	14	20	27	23	27	17	15	16	20	5	10	4	13	16	19	6	5	18	18	20	12	12	19	4	24	19	18	21	11	22	20	12	13	31
G[T>A]T	23	30	20	31	24	140	110	21	19	80	49	102	48	70	35	17	75	26	6	15	17	37	24	18	9	12	6	5	9	7	25	25	5	15	21	46	14	19	41	32	23	29	11	12	23	14	47	19	10	16	11	25	14	26	18	15	15	70	36	15	15	26	20	7	47	11	25	74	26	20	16	17	13	10	10	28	12	23	26	28	10	36	13	17	17	16	9	24	17	22	13	11	4	20	18	13	23	13	17	9	20	23	14	21	25	12	14	16	10	23	12	16	22	22	32	18	24	19	13	22	21	20	14	27	32	10	27	12	13	17	14	20	24	9	8	115	25	16	29	14	28	13	21	20	24	50	16	16	47	16	58	76	19	75	7	13	23	24	15	10	18	13	17	9	14	13	13	14	11	16	22	18	38	11	23	15	14	28	13	19	3	14	19	19	10	0	14	16	27	9	8	17	27	6	26	25	51	17	28	20	22	13	11	14	29	17	17	21	15	18	38	21	18	32	22	17	25	115	26	51	9	13	17	65	33	21	14	13	10	8	27	19	34	22	137	50	38	238	8	13	14	19	18	19	14	17	24	15	24	26	19	15	24	14	13	28	18	30	10	18	4	11	6	25	21	20	16	4	58	6	24	14	4	9	17	15	5	23	12	24	13	13	13	17	7	3	12	0	19	20	21	14	17	20	17	3	12	17	7	11	18	16	9	3	9	7	7	14	8	14	9	7	12	8	9	14	15	12	20	5	7	25
T[T>A]A	37	91	94	161	81	804	755	75	56	516	177	587	288	402	145	48	1110	46	17	20	22	57	32	31	19	36	19	7	12	4	29	20	14	15	26	70	24	30	55	28	54	27	15	34	38	120	38	24	15	19	17	30	29	44	28	30	22	727	262	58	36	43	56	22	169	118	36	75	48	22	15	30	26	15	11	74	19	41	39	41	33	38	12	21	34	18	13	55	62	19	24	32	13	19	55	13	28	25	18	9	52	16	26	31	27	36	39	18	23	34	22	25	35	55	37	29	37	72	15	23	34	19	24	31	37	19	30	27	44	28	32	17	29	18	30	948	52	27	46	39	35	28	39	46	63	74	42	26	407	31	399	648	22	555	13	21	26	36	22	20	40	24	22	11	16	24	33	27	16	21	42	22	329	28	25	22	24	29	20	32	12	33	28	26	20	48	29	20	36	15	19	34	30	11	31	32	38	20	28	34	38	12	15	27	37	30	33	21	30	34	32	48	41	36	38	31	123	962	64	404	18	28	24	465	260	22	14	17	27	18	148	48	104	98	1143	392	174	2292	22	18	17	16	30	29	12	22	23	12	53	37	25	30	44	21	25	55	33	105	16	20	25	15	16	26	23	26	9	30	263	22	26	25	12	14	31	10	17	23	4	28	17	12	16	24	7	18	28	13	27	31	25	30	26	24	25	25	37	22	10	25	20	32	33	8	28	37	13	19	22	25	13	21	35	34	26	21	17	35	17	17	20	39
T[T>A]C	9	22	30	42	33	235	244	33	19	111	80	136	82	100	61	25	256	26	16	11	29	40	20	27	7	17	16	16	22	10	21	15	8	13	23	49	23	13	64	11	38	22	7	26	20	58	9	25	7	22	7	27	25	37	19	21	34	172	72	30	22	24	40	4	47	25	30	49	41	28	15	29	20	12	12	60	12	40	23	29	21	16	12	24	23	5	17	35	11	15	14	33	21	17	26	22	14	19	10	13	35	28	41	21	31	23	20	13	16	28	14	25	42	33	32	22	21	45	15	31	28	12	13	28	28	16	33	19	19	14	18	15	24	6	19	241	34	32	37	26	42	16	31	38	32	43	24	10	106	24	96	130	8	123	9	26	29	43	24	22	21	18	17	26	19	16	22	19	7	25	28	13	110	24	16	13	16	21	14	20	15	22	21	23	20	24	24	35	22	12	14	21	29	6	21	18	21	16	30	33	27	5	11	21	37	25	28	13	18	32	29	34	32	46	33	24	48	242	27	118	9	21	23	107	74	15	7	12	24	9	49	30	32	31	265	94	65	555	5	9	16	16	24	29	18	10	23	15	32	37	27	20	30	17	22	25	33	28	6	17	7	22	16	29	23	33	14	19	101	16	54	25	9	17	20	13	12	15	17	32	16	10	19	17	22	5	34	0	24	38	31	28	28	20	25	49	20	10	24	13	13	21	38	8	25	26	22	30	16	20	21	13	35	17	13	18	5	22	11	15	15	44
T[T>A]G	23	56	64	99	63	682	652	59	33	547	154	450	246	291	145	37	767	20	14	15	22	40	20	19	10	28	19	14	7	7	20	17	13	9	30	51	20	19	55	25	31	31	4	15	33	87	28	19	18	22	20	25	12	54	19	29	22	619	217	42	26	23	34	7	80	75	34	56	46	28	7	18	17	11	12	111	17	21	25	29	22	40	13	14	25	5	17	53	45	19	17	32	21	14	45	31	19	9	19	18	40	27	33	22	29	16	17	26	18	36	26	17	25	50	22	20	30	56	34	27	28	16	24	24	26	16	19	31	39	19	20	15	24	7	8	677	34	18	34	32	20	17	27	26	16	68	31	47	330	38	352	362	17	412	17	10	20	46	15	6	29	30	19	6	26	15	22	15	15	25	17	27	255	23	25	22	29	24	14	29	10	20	12	17	13	24	10	31	22	18	17	27	29	14	31	31	30	26	19	36	19	8	13	14	33	17	22	13	34	32	32	29	33	26	30	21	117	701	51	271	7	24	29	335	210	20	9	15	31	27	124	33	104	128	846	324	175	1816	15	10	11	22	25	19	20	17	33	15	39	33	17	26	24	17	24	34	19	87	14	28	15	16	6	16	14	35	7	19	213	19	33	9	4	30	19	13	8	20	25	21	16	2	8	25	14	9	18	0	21	32	7	24	14	11	27	22	15	32	17	13	31	28	26	8	23	33	14	28	14	23	19	21	8	36	22	16	15	24	17	14	13	33
T[T>A]T	19	61	76	78	71	394	401	60	75	316	113	288	154	186	91	53	462	72	35	40	39	75	50	59	36	48	30	23	21	22	37	41	27	38	76	123	61	44	123	50	46	61	22	39	69	168	85	39	23	52	24	76	54	84	45	47	52	303	123	58	54	66	94	19	51	75	64	149	77	28	42	45	64	25	16	88	34	82	78	81	43	81	34	45	62	25	19	46	62	20	36	56	50	31	81	53	47	59	29	25	72	50	56	54	63	65	58	36	42	67	24	50	63	50	85	49	66	64	44	55	64	25	48	47	65	42	63	31	47	33	37	48	39	22	26	356	71	79	93	58	57	41	74	81	150	104	62	48	190	49	189	194	27	254	30	38	44	90	46	31	60	43	47	34	52	44	61	65	25	60	54	45	152	36	48	31	38	52	38	44	28	62	54	35	30	72	76	63	47	30	36	50	55	28	56	68	85	48	50	78	68	20	27	47	70	34	58	32	48	73	41	62	60	79	53	53	74	358	91	211	19	36	43	239	172	24	25	33	54	38	78	54	75	70	529	178	130	957	24	21	23	35	52	66	37	27	46	21	79	80	52	57	69	43	33	83	42	75	24	37	20	24	27	47	31	53	25	37	137	28	54	43	16	47	33	33	49	38	12	32	19	17	33	31	14	21	51	7	29	49	44	57	47	39	32	60	22	32	27	19	44	39	54	6	44	28	40	50	22	37	23	14	39	49	20	30	21	29	28	20	33	70
A[T>C]A	23	125	123	151	108	481	611	119	112	436	185	381	251	343	164	115	480	67	40	60	82	138	87	77	53	103	36	45	41	26	72	57	91	45	111	288	68	64	173	117	115	101	56	75	85	159	94	107	59	50	50	87	101	118	90	41	67	508	241	111	63	88	77	44	131	143	158	449	106	89	45	57	73	52	48	189	35	91	107	78	72	207	44	75	97	35	31	97	96	61	56	91	79	58	105	75	33	52	60	44	63	61	94	70	71	89	92	74	81	72	63	64	92	133	120	68	83	64	73	89	118	74	70	76	80	49	82	73	62	62	81	66	29	21	51	592	77	84	98	98	83	102	83	92	127	158	104	98	268	80	367	389	81	383	58	78	77	114	71	38	97	66	52	39	83	67	66	44	72	69	71	69	299	84	80	90	62	77	59	81	60	88	66	63	76	48	86	71	93	62	58	84	151	51	85	70	81	68	91	67	104	35	31	87	106	44	84	60	62	96	113	98	91	103	109	73	175	539	115	423	37	57	96	260	280	60	35	67	75	41	162	79	152	181	722	296	234	972	34	35	62	73	59	55	72	50	101	66	96	134	59	100	106	81	71	104	91	174	53	114	45	115	62	62	139	106	109	112	258	87	247	155	39	89	82	114	79	84	120	96	55	25	82	121	116	72	132	114	91	144	161	137	150	94	141	196	92	69	69	63	106	117	165	67	131	127	148	161	52	72	47	75	94	116	92	72	35	123	68	62	60	155
A[T>C]C	19	26	26	21	24	57	45	29	19	31	20	46	35	54	14	25	37	46	17	15	17	34	34	31	15	27	17	14	15	6	20	16	13	15	28	92	17	19	77	21	23	16	14	22	29	24	19	76	11	13	16	16	27	26	21	24	19	34	27	44	23	31	39	4	42	29	38	169	22	24	15	15	23	26	15	28	15	23	31	26	23	65	17	18	27	11	12	31	40	20	19	28	29	31	37	13	19	26	18	10	34	18	21	30	32	30	37	30	27	36	21	19	33	39	30	32	16	27	25	28	47	14	17	18	23	16	26	42	15	17	26	26	19	7	17	35	25	32	37	11	29	42	21	35	40	36	23	16	29	19	40	49	17	46	27	22	26	27	20	6	23	21	10	9	17	16	25	25	20	37	23	23	34	20	29	29	21	23	16	27	36	26	22	35	23	48	29	20	27	12	25	29	52	8	19	24	17	26	38	34	35	10	21	27	23	19	15	36	30	41	56	38	30	52	40	33	15	52	27	43	6	23	19	22	33	22	14	8	10	8	15	24	32	26	48	37	27	65	17	14	16	18	30	26	23	10	16	21	30	35	20	30	32	24	21	51	33	49	18	57	13	45	20	34	21	31	25	46	70	27	107	41	21	43	42	48	18	32	41	54	15	9	32	44	7	33	67	27	59	49	55	50	99	29	39	71	32	22	35	21	20	44	85	11	53	52	47	92	6	17	17	25	24	48	31	14	15	40	43	25	28	58
A[T>C]G	23	91	87	88	74	148	254	114	61	187	110	142	167	183	92	69	193	61	53	53	64	133	91	65	50	105	33	38	29	17	55	60	67	40	95	300	75	67	141	71	138	61	32	65	88	139	85	77	52	53	45	82	83	131	54	69	71	183	132	102	77	90	93	44	68	122	98	425	96	76	37	54	67	32	47	171	43	107	90	69	52	203	42	66	83	30	41	88	85	89	59	84	75	69	83	62	56	54	32	56	81	53	100	69	58	94	55	79	54	108	62	64	65	116	79	69	58	37	58	81	133	69	71	79	81	68	87	46	56	44	96	39	92	24	70	261	86	56	102	74	81	73	130	107	87	156	78	119	95	73	136	232	78	148	40	62	69	120	57	34	87	63	40	34	43	61	85	41	66	60	56	72	153	56	78	86	84	57	42	66	54	78	48	60	79	66	114	63	58	53	69	79	118	43	53	75	85	70	99	70	91	35	41	124	91	69	60	45	55	90	105	97	95	105	72	71	98	195	102	194	25	50	81	122	161	45	30	45	53	53	58	80	114	140	190	136	140	332	35	46	44	40	84	47	68	54	76	54	79	84	71	73	75	76	54	130	87	162	33	99	55	94	65	80	89	82	67	102	135	79	178	100	21	79	85	100	57	83	66	87	59	24	69	94	109	47	107	67	91	101	102	113	114	75	94	87	72	59	87	53	77	83	136	34	94	89	114	111	60	74	53	55	69	105	65	42	40	102	74	51	50	102
A[T>C]T	23	91	74	62	69	76	152	62	61	129	67	96	89	110	72	49	137	87	46	49	52	93	85	78	45	70	47	38	43	28	60	42	56	28	71	273	61	50	118	71	69	81	41	49	107	168	66	91	31	36	47	67	70	100	57	59	60	111	80	68	81	75	93	37	68	96	123	379	96	75	21	50	76	35	33	83	40	73	68	88	59	160	39	71	80	19	31	66	68	59	59	59	50	70	70	58	47	77	42	33	69	66	62	72	66	87	79	84	48	85	56	58	74	139	109	61	99	64	50	92	119	55	41	62	70	62	61	84	52	54	92	53	68	29	53	100	82	79	70	75	68	72	76	100	103	128	81	98	98	75	99	103	46	90	52	81	50	94	61	42	66	57	78	39	59	61	72	49	59	60	78	64	90	56	78	75	68	54	45	81	42	73	57	52	59	60	62	59	47	33	62	74	109	42	68	70	72	66	75	59	94	54	37	70	60	61	52	39	63	72	97	61	71	95	92	75	61	80	78	120	31	50	47	105	117	39	32	30	41	37	63	65	78	93	150	98	90	162	42	47	34	62	57	56	40	47	75	64	77	91	52	77	111	90	54	97	90	120	41	123	65	108	64	83	105	121	76	91	121	82	158	91	23	70	71	60	50	78	58	85	56	28	79	90	94	78	138	121	83	104	131	104	99	75	123	131	104	49	62	63	60	96	141	28	85	87	114	97	50	63	43	77	78	87	81	58	49	71	68	66	52	118
C[T>C]A	14	56	41	42	48	159	156	34	28	156	50	112	89	102	53	29	150	31	14	28	35	52	35	38	14	36	25	26	17	15	49	25	24	19	51	122	40	27	59	32	54	43	22	31	38	82	57	41	34	20	22	28	33	50	20	36	37	109	77	45	31	43	42	26	30	50	59	149	52	47	22	32	31	32	22	65	29	47	39	43	43	63	12	21	45	11	20	41	28	30	27	43	29	44	58	18	33	23	22	17	40	30	39	34	43	33	55	34	36	44	31	30	32	89	42	41	41	42	29	34	47	48	35	33	47	36	30	38	32	20	27	26	24	9	34	110	52	31	43	53	42	38	27	35	40	77	50	16	80	24	93	86	19	106	20	35	26	64	25	23	29	25	9	23	38	25	39	36	25	37	33	29	93	21	23	24	32	26	32	25	16	48	36	24	26	48	29	27	27	36	30	26	55	17	27	25	30	34	30	44	46	10	23	27	50	20	33	22	27	41	45	49	42	34	45	35	49	127	35	120	21	27	34	62	76	18	7	14	21	29	40	38	43	44	116	91	78	234	34	18	26	23	37	27	35	20	34	18	40	47	35	36	47	38	28	65	30	62	19	57	20	46	26	33	23	44	21	33	87	43	90	43	16	36	22	36	15	43	12	37	24	13	32	38	29	19	49	34	41	63	56	23	57	26	39	84	47	30	44	30	37	51	61	11	39	52	54	65	18	29	34	36	43	57	22	26	18	41	43	30	37	58
C[T>C]C	23	52	33	47	32	64	69	28	47	44	31	21	35	42	29	20	94	51	20	15	40	42	23	37	12	37	19	12	5	12	23	22	19	15	26	68	21	22	45	35	84	23	25	22	38	82	19	58	15	27	25	24	14	37	37	23	22	45	30	25	30	29	37	22	17	39	39	118	41	34	15	17	29	19	17	65	15	43	23	32	28	67	13	30	26	11	19	20	28	22	31	28	21	25	43	4	23	12	11	18	31	34	21	37	27	36	34	31	23	39	19	24	45	33	28	19	17	13	20	34	28	26	13	23	41	21	31	35	17	22	26	37	14	15	26	45	35	16	31	33	41	33	31	33	55	49	23	15	43	14	29	43	5	51	36	29	30	27	38	22	34	34	29	6	28	12	35	19	18	43	28	39	39	17	41	42	14	29	36	39	15	36	33	24	20	36	29	27	8	18	23	29	31	16	35	37	59	29	21	25	28	17	15	37	29	34	15	24	29	46	41	34	41	16	30	41	31	52	38	60	10	17	24	35	37	22	12	8	15	11	24	28	28	33	50	46	31	70	15	23	6	21	35	26	22	24	36	29	35	34	27	32	37	36	23	32	37	47	22	41	25	35	18	33	25	40	23	41	68	47	99	50	12	26	53	39	18	41	46	27	17	10	25	41	36	11	87	13	45	49	55	54	70	13	47	57	45	27	44	23	33	37	92	14	62	44	36	94	16	34	11	21	39	48	41	35	12	54	31	20	31	41
C[T>C]G	19	61	38	42	38	80	87	49	51	80	44	61	63	61	33	39	62	61	20	17	43	61	41	50	21	36	30	28	9	8	32	34	24	23	39	130	40	34	50	53	61	36	15	39	44	72	94	28	38	22	25	36	29	36	43	32	56	67	50	42	39	50	27	19	51	46	64	256	58	35	13	26	28	22	33	65	12	44	42	31	37	72	27	33	54	2	25	45	45	46	43	39	25	30	36	31	47	25	15	20	38	34	36	27	35	33	34	31	20	67	41	36	56	39	40	32	25	21	28	43	49	40	30	47	38	20	38	38	24	27	24	22	43	17	30	60	35	39	38	30	59	22	35	36	111	58	52	40	69	43	56	49	15	60	25	27	44	42	37	15	45	24	17	34	29	34	27	17	26	41	53	30	57	28	41	57	40	26	22	40	33	35	28	40	33	48	52	43	25	36	34	29	72	14	32	23	42	29	40	25	41	22	13	45	46	27	40	21	30	28	45	57	56	32	42	45	32	79	47	67	13	32	17	51	61	14	14	21	22	26	31	39	43	35	61	48	46	107	15	21	26	34	18	19	34	29	32	22	49	45	28	49	35	37	37	39	41	70	20	46	45	43	24	32	41	40	23	37	60	50	56	48	11	40	37	32	38	41	29	29	24	20	14	57	43	25	57	13	40	54	47	44	47	31	49	46	40	67	40	27	24	51	54	22	44	37	47	51	54	38	15	20	31	36	31	42	17	35	40	32	26	64
C[T>C]T	14	39	20	26	29	68	77	38	23	93	42	52	47	54	22	26	69	36	10	20	42	46	37	41	21	36	16	21	17	15	40	29	29	23	48	106	40	30	73	46	23	29	17	41	50	67	57	46	20	20	33	25	44	43	28	41	52	54	42	32	24	28	49	7	38	29	51	156	32	37	13	23	26	12	21	46	23	38	28	37	33	61	22	33	36	12	15	28	23	28	36	36	29	36	43	13	23	29	18	20	32	40	48	32	29	53	34	39	38	54	7	24	51	78	35	24	30	40	26	54	57	38	32	31	45	20	34	42	27	28	44	24	24	6	23	40	32	27	34	37	33	36	29	41	71	70	38	19	49	21	44	27	24	42	14	18	21	49	46	22	42	27	33	25	33	25	36	32	21	39	37	23	51	20	27	64	32	39	42	30	16	36	28	24	30	60	29	24	41	24	20	31	52	23	35	38	55	41	37	45	36	12	25	43	27	24	52	36	25	39	38	39	27	44	45	32	25	47	38	65	12	27	35	39	44	22	19	14	18	18	32	26	43	30	56	52	43	78	13	22	29	48	29	32	18	24	35	30	50	32	42	46	43	39	29	45	44	52	30	50	19	47	27	62	43	29	32	48	96	27	107	50	14	42	40	50	30	61	25	32	25	12	32	65	29	20	49	13	26	58	43	57	76	42	52	82	42	39	30	32	26	43	92	22	44	48	61	75	18	38	17	27	39	59	37	38	34	55	34	37	29	62
G[T>C]A	5	22	26	26	18	27	38	16	19	44	27	28	22	35	11	13	25	41	12	21	12	30	34	17	10	28	6	2	10	6	14	16	14	11	16	43	17	16	59	7	38	16	8	16	23	38	28	24	7	14	16	28	8	26	19	18	15	32	18	26	19	29	23	7	21	36	31	82	25	27	10	21	19	18	2	9	14	22	16	15	19	41	8	12	23	7	5	14	11	9	23	19	17	14	21	13	9	17	13	14	17	12	15	19	19	30	18	20	15	31	16	15	36	33	30	14	18	16	10	28	34	10	10	13	18	6	20	15	5	6	24	15	5	5	8	35	20	21	29	16	17	25	15	16	24	58	21	16	34	16	30	59	12	27	9	18	12	24	15	9	24	15	10	22	12	9	17	22	10	16	20	17	26	13	20	13	18	15	12	17	18	19	16	19	23	36	24	4	14	9	11	10	31	11	24	17	30	12	19	25	28	8	9	21	21	12	15	14	18	20	25	18	26	22	13	19	15	30	27	27	9	19	18	25	30	8	1	14	10	11	24	14	23	17	38	26	24	66	5	13	7	10	10	9	8	8	16	11	21	26	20	18	41	21	12	28	20	37	10	28	7	21	14	22	14	38	19	20	63	21	92	25	9	25	16	28	17	26	33	22	12	5	16	34	29	12	37	54	42	41	37	28	61	20	35	44	25	17	15	19	13	34	59	17	39	55	63	62	12	25	15	16	16	25	11	16	11	35	17	20	11	41
G[T>C]C	9	9	17	16	24	23	28	12	23	27	25	18	34	37	11	14	50	26	12	9	18	28	26	31	7	22	16	9	5	10	18	6	5	6	19	44	3	15	41	14	8	16	10	16	15	14	19	24	8	8	9	18	8	21	13	17	15	22	26	26	11	29	26	7	21	18	39	103	16	11	10	11	13	4	4	18	5	19	12	17	14	25	7	11	20	12	8	21	23	7	14	15	13	22	19	18	19	15	10	10	26	13	15	12	12	20	22	28	13	28	7	16	20	28	18	17	8	11	23	27	24	23	16	18	24	14	16	27	15	8	21	19	24	2	6	25	15	21	24	14	26	20	19	28	16	38	17	19	20	10	18	22	8	29	20	16	15	28	21	12	21	12	9	12	21	13	20	19	10	21	39	17	31	8	18	24	16	13	12	15	21	17	12	10	13	12	14	0	14	18	9	27	29	12	19	25	13	17	17	14	13	8	12	21	14	19	13	17	10	27	10	25	20	40	20	19	14	24	26	15	9	12	16	24	10	13	10	9	13	15	14	20	17	16	39	18	24	52	10	9	4	5	17	22	9	7	11	10	26	12	19	29	21	12	23	17	30	14	14	46	16	30	9	20	8	20	14	41	75	35	83	25	7	26	20	41	17	23	12	27	9	3	17	36	7	18	39	7	26	37	32	44	55	18	27	44	30	22	42	4	13	25	61	8	37	41	51	55	8	20	13	14	20	36	15	14	12	24	26	12	11	44
G[T>C]G	33	30	27	26	23	30	66	28	14	27	33	37	44	29	30	29	44	46	16	14	26	49	37	27	15	33	13	23	12	4	15	14	24	13	49	90	28	16	59	25	54	29	18	23	24	77	9	17	16	16	8	22	27	40	24	21	11	34	36	30	19	28	31	22	25	11	46	166	30	35	12	15	20	10	18	46	14	31	25	58	19	59	17	27	33	16	15	38	11	17	31	29	25	36	15	35	28	25	29	16	29	22	29	14	28	23	14	30	20	34	30	25	45	17	37	28	24	19	31	40	49	19	17	23	30	24	30	31	24	27	32	27	14	6	38	25	26	29	24	18	29	41	17	48	79	65	24	32	46	31	38	43	15	35	23	21	21	31	26	15	34	33	26	14	17	28	29	24	26	36	22	27	43	21	23	22	32	16	30	29	18	33	12	22	30	6	48	16	30	18	25	17	52	16	29	32	51	22	26	22	39	10	20	21	14	12	18	18	21	32	49	41	30	32	32	21	34	35	18	29	15	27	20	29	30	14	6	19	15	14	29	26	39	30	33	23	29	62	8	24	14	19	20	17	5	12	29	35	30	26	31	36	31	31	19	29	34	64	13	44	9	35	21	28	29	40	19	24	58	27	82	57	5	51	39	36	20	31	54	40	28	18	25	56	72	18	45	27	36	48	44	40	45	22	37	38	37	27	35	19	20	41	61	20	41	42	47	61	24	26	6	25	25	46	28	24	20	31	26	14	23	50
G[T>C]T	9	52	21	42	41	45	64	29	23	76	47	51	48	37	35	26	56	41	19	20	35	54	46	46	17	48	25	28	10	11	21	25	16	21	48	131	24	33	50	32	23	18	11	31	37	72	38	52	18	27	24	34	23	47	25	32	19	47	50	33	24	33	42	15	21	50	41	171	33	31	13	27	36	23	12	42	12	28	25	31	28	65	22	18	45	11	17	46	45	17	14	31	17	50	44	22	23	23	28	16	31	32	36	36	31	42	34	29	22	34	19	26	45	55	47	32	42	34	38	40	51	25	24	44	30	19	39	15	22	31	40	26	39	12	28	65	52	43	38	25	58	38	46	38	40	61	38	29	31	19	38	81	25	37	27	19	38	55	22	20	44	31	26	23	31	28	23	31	30	27	34	42	52	29	37	42	38	34	20	19	22	30	19	26	13	30	38	27	47	27	31	38	67	16	35	39	47	27	40	28	52	8	21	37	27	19	33	35	26	32	51	49	50	34	35	40	19	36	53	46	7	22	28	31	52	22	20	18	16	23	23	35	54	30	44	45	53	51	20	15	11	39	35	20	18	24	25	17	32	45	32	29	38	20	22	38	35	52	33	46	16	31	20	45	21	49	44	48	68	41	103	54	18	48	59	55	27	38	46	49	27	13	55	42	43	33	77	47	50	54	69	48	62	26	44	57	40	22	27	34	35	50	68	20	53	46	76	73	24	48	17	30	29	61	30	34	12	45	45	30	36	52
T[T>C]A	33	56	50	68	59	227	231	56	33	231	93	149	113	160	70	42	262	51	28	15	22	61	46	42	21	42	20	19	15	7	40	26	30	30	57	144	50	36	73	60	92	50	20	35	45	101	38	49	31	30	25	49	46	64	31	38	11	201	104	61	42	43	50	19	55	50	59	180	61	35	16	41	49	22	28	60	19	59	48	41	30	104	20	39	51	18	9	66	23	28	30	28	38	44	70	27	33	30	19	23	37	38	50	47	39	55	47	36	29	77	35	50	53	89	48	32	35	40	44	52	67	29	22	38	43	29	38	35	39	31	35	36	34	13	23	201	57	37	41	42	39	44	33	49	63	79	43	42	131	38	157	178	19	134	26	34	30	70	26	16	53	40	35	20	38	28	48	46	25	44	40	25	106	27	56	42	35	36	26	37	30	47	31	36	36	36	57	31	38	21	25	31	64	20	35	37	64	25	37	50	44	17	25	35	54	25	35	20	38	54	48	51	62	42	45	36	85	225	62	171	19	27	26	111	104	34	14	22	37	24	76	43	63	59	242	116	105	383	25	23	24	27	39	43	38	40	44	29	55	68	24	58	55	43	28	69	42	97	25	70	17	53	32	55	45	75	28	69	154	57	174	89	14	76	54	61	32	64	108	68	31	11	21	62	58	27	116	27	53	89	81	76	126	40	94	112	32	49	49	40	31	64	148	17	122	66	125	128	32	49	15	34	39	86	48	26	21	67	48	30	34	81
T[T>C]C	9	26	20	5	21	34	38	24	19	49	17	31	39	37	21	22	31	26	12	14	18	27	27	26	9	19	11	10	9	6	14	9	19	8	32	87	16	18	73	35	15	31	6	16	31	58	19	49	18	19	12	36	25	33	18	21	15	26	30	19	32	19	30	19	13	36	38	123	28	27	9	12	22	11	6	42	5	23	28	26	28	43	7	18	27	7	13	13	17	7	14	23	13	19	18	13	14	19	11	9	21	23	21	12	19	33	28	19	21	26	15	20	22	50	33	27	32	16	23	21	29	26	13	27	19	19	19	12	20	15	23	12	29	12	11	30	28	18	29	26	25	28	31	20	32	38	29	19	25	14	27	27	10	18	14	14	15	31	15	12	26	19	21	11	19	16	25	22	25	12	22	22	22	24	19	20	22	20	25	13	21	24	19	19	20	12	19	20	36	15	8	14	41	8	10	25	30	27	31	19	25	7	12	19	29	17	12	20	21	35	30	29	24	18	15	24	19	20	38	38	12	17	8	22	36	11	7	14	21	9	15	20	8	23	24	39	27	53	10	10	16	18	15	9	14	20	19	25	19	34	20	20	30	20	18	36	24	45	11	29	22	40	21	33	17	33	30	28	79	33	114	50	5	23	28	38	20	32	21	31	20	6	14	42	14	16	61	7	31	41	43	50	77	31	44	57	27	17	30	25	24	28	75	3	60	46	71	78	10	23	19	5	14	55	28	14	20	35	23	19	18	60
T[T>C]G	19	43	43	26	27	53	83	35	28	80	36	76	42	58	35	23	94	31	19	15	30	36	37	28	17	34	22	10	9	6	34	21	16	9	35	106	31	18	41	25	77	20	15	18	29	43	66	22	16	25	14	34	50	34	22	26	30	63	48	21	24	33	30	4	38	25	57	131	44	33	19	21	25	21	23	46	15	35	36	32	25	70	22	27	25	2	5	25	28	19	11	21	13	26	25	4	14	16	18	13	21	16	32	24	36	30	28	31	23	31	21	50	20	66	43	17	17	11	23	36	58	23	16	34	28	14	23	15	30	17	21	27	14	4	23	55	29	19	46	30	28	27	27	28	79	61	35	24	61	21	58	49	29	48	20	14	18	30	17	13	34	16	19	11	19	19	27	15	20	14	25	25	56	12	26	35	27	24	16	17	12	24	26	17	0	36	24	31	30	33	30	19	54	9	26	18	25	27	33	14	22	12	15	37	27	15	17	22	12	31	32	26	36	26	25	29	40	71	27	63	16	19	28	42	42	18	13	21	15	12	24	23	46	23	97	39	50	133	10	14	21	14	10	23	23	10	21	12	30	35	20	26	21	26	16	34	37	86	18	31	23	40	12	33	33	49	28	26	80	38	106	54	4	37	25	36	27	41	25	40	19	8	16	41	22	15	59	27	28	58	49	31	55	24	69	63	22	30	25	27	18	46	54	11	57	44	61	81	18	38	17	29	18	40	28	18	12	40	37	15	23	37
T[T>C]T	37	39	46	57	38	49	71	34	47	80	46	46	56	55	53	37	50	56	31	12	46	58	34	36	31	47	35	24	14	10	26	29	32	36	51	149	35	25	73	50	46	38	22	37	51	58	28	49	23	31	37	46	54	51	44	47	22	71	39	68	31	54	54	15	51	46	56	251	42	45	24	36	51	22	32	65	25	60	50	71	30	92	32	30	56	14	31	46	28	26	26	39	29	31	51	31	37	26	30	22	32	34	45	32	40	39	33	53	38	46	25	31	30	61	59	38	51	37	38	59	83	34	35	44	41	19	41	23	34	28	43	41	58	17	19	60	42	35	63	40	51	41	48	64	55	84	50	29	52	33	55	32	25	51	20	38	27	66	25	18	34	37	38	14	38	59	40	27	39	50	28	32	43	33	42	31	37	31	41	24	27	38	40	43	23	66	43	31	33	24	31	34	83	25	45	46	51	50	57	44	49	24	15	49	48	35	35	40	27	44	54	48	45	44	50	47	27	61	44	65	19	36	37	44	71	27	20	29	27	24	40	36	46	52	76	77	46	98	24	24	16	30	49	35	34	27	37	33	35	72	37	59	44	42	37	67	75	73	39	64	30	68	31	46	39	66	53	71	80	50	132	96	11	56	51	60	38	61	46	68	30	19	44	58	7	39	103	47	62	97	60	77	107	66	84	90	35	37	35	28	18	55	101	22	94	68	92	123	32	54	28	41	37	68	54	34	21	62	45	25	33	75
A[T>G]A	5	22	14	26	24	95	69	20	14	36	30	61	42	50	30	17	81	31	5	20	14	31	14	29	9	16	5	9	5	6	14	12	5	17	39	41	16	12	41	11	15	18	7	16	20	43	28	9	11	14	14	12	15	11	17	9	15	54	36	19	16	17	29	4	17	29	13	43	23	14	6	11	17	12	11	14	6	31	20	23	10	29	12	20	21	9	12	20	23	9	4	17	21	19	11	4	9	7	14	5	17	18	17	19	19	20	16	6	11	18	12	10	14	44	30	8	27	19	9	18	20	11	11	16	9	16	26	15	20	16	20	10	14	4	13	50	28	13	23	21	25	22	23	16	24	43	26	6	38	17	44	38	7	44	7	14	11	24	16	4	23	13	16	6	7	16	14	12	8	12	20	15	29	17	23	18	10	13	7	12	7	11	22	12	16	18	5	27	33	12	11	14	24	8	14	21	34	16	21	19	17	5	5	12	21	13	12	14	10	32	19	26	17	32	25	15	20	63	20	51	4	12	12	35	37	8	6	9	10	9	17	11	20	10	101	39	25	143	7	10	7	16	15	27	3	18	23	14	18	26	15	15	12	18	15	32	16	24	10	26	9	12	14	18	14	15	9	2	31	5	17	16	9	11	17	10	2	13	4	18	8	3	9	13	7	8	20	13	10	8	15	21	15	13	12	19	12	12	17	8	22	9	12	3	9	9	9	23	10	14	6	11	8	25	9	11	11	10	9	8	15	17
A[T>G]C	9	13	7	10	11	8	27	11	14	18	16	21	25	15	11	6	25	20	6	8	12	21	15	11	7	14	8	12	7	3	11	9	8	6	12	38	8	7	23	28	23	11	6	8	14	62	28	17	7	6	8	21	29	23	5	15	7	16	18	18	5	10	24	0	4	50	13	46	22	15	4	14	15	4	6	14	9	18	22	29	14	25	12	9	6	9	5	6	6	6	1	9	4	2	18	9	0	6	9	5	26	13	12	10	12	12	12	10	9	28	11	15	12	11	33	11	24	16	7	10	5	10	11	8	8	6	20	8	5	6	15	15	19	2	6	0	22	18	24	16	20	5	8	40	40	32	19	3	21	14	12	27	2	5	10	13	11	15	5	6	19	10	5	5	9	15	14	8	2	21	8	20	8	7	18	7	10	10	13	8	13	10	17	4	7	6	0	8	3	6	12	14	13	5	27	13	21	21	12	17	24	7	7	19	17	13	17	6	19	25	24	20	17	22	17	16	18	14	11	26	3	14	10	20	27	4	1	6	15	8	5	13	19	7	20	16	13	23	3	5	4	4	15	13	3	17	10	12	9	23	11	9	13	6	6	21	12	6	5	7	6	9	5	9	14	11	7	4	12	2	15	11	0	8	5	15	5	5	4	6	11	2	5	4	7	7	10	7	14	11	15	10	2	7	10	5	2	7	7	6	11	5	12	0	9	9	22	11	8	8	6	9	14	4	6	6	6	7	11	10	8	14
A[T>G]G	14	26	17	10	18	38	54	26	5	49	24	34	22	35	14	14	25	20	10	9	21	31	24	27	10	11	5	10	15	8	20	12	6	9	14	65	7	25	50	11	23	14	6	20	28	34	19	16	5	13	9	28	17	26	18	24	15	51	21	20	24	31	31	4	13	46	13	77	13	16	3	12	16	15	7	23	11	23	26	32	22	34	13	17	15	7	8	8	11	13	9	19	21	9	22	18	9	12	18	12	25	27	8	16	13	30	14	18	16	34	16	20	33	22	27	18	27	24	9	12	30	14	14	13	30	10	20	0	13	3	27	5	10	7	4	40	22	14	27	19	42	19	17	26	16	65	28	11	36	10	35	22	5	18	9	11	18	22	17	10	21	21	14	8	10	10	14	17	3	21	14	18	16	23	16	11	14	18	12	19	22	13	16	13	10	30	38	27	14	3	12	27	30	3	13	10	25	21	26	37	30	2	5	10	23	20	17	15	27	25	24	18	42	20	23	20	19	55	24	57	7	17	8	25	22	6	9	11	22	9	15	15	27	10	61	38	27	77	15	8	9	18	22	26	8	20	21	8	18	32	23	18	16	13	12	42	20	28	11	11	9	20	8	18	10	26	12	6	26	11	23	11	2	9	26	10	12	11	4	16	9	4	16	11	0	5	6	0	9	11	19	28	7	17	15	11	7	10	10	4	20	19	24	6	23	15	20	19	0	14	13	13	10	15	2	10	11	21	11	7	5	23
A[T>G]T	14	56	34	21	44	53	69	27	19	80	64	39	35	36	25	45	19	61	10	17	30	55	27	36	29	52	14	10	12	4	25	34	21	19	51	84	35	38	105	32	38	25	11	35	38	115	9	28	30	30	20	48	52	57	43	36	56	50	26	50	24	45	47	11	38	50	26	107	61	28	30	29	33	25	11	18	17	48	31	49	23	59	17	32	23	18	17	18	40	9	13	31	13	26	43	31	23	23	20	10	43	28	45	39	32	42	46	23	32	70	17	27	32	61	79	31	42	34	38	31	28	14	25	33	43	21	42	19	22	28	20	29	24	16	13	30	58	24	58	44	51	19	43	64	32	92	40	11	36	28	41	49	5	38	16	21	26	57	24	15	26	22	35	8	17	27	36	31	15	32	22	40	25	21	26	40	29	26	16	17	19	36	35	27	7	42	33	35	30	18	23	29	45	16	35	38	55	34	30	53	55	10	23	35	48	25	35	35	44	59	48	66	54	65	48	48	30	39	31	86	12	39	24	34	37	24	20	13	19	12	21	38	35	21	54	31	52	53	19	9	10	21	44	53	17	20	32	12	58	41	32	17	52	21	28	69	27	30	9	28	9	26	16	21	31	29	9	15	29	22	25	29	16	23	34	15	22	38	21	29	19	5	14	20	0	5	22	0	23	31	21	43	28	20	30	14	0	30	18	8	20	25	54	6	28	35	16	17	8	32	19	18	12	17	17	27	12	14	23	10	13	58
C[T>G]A	9	9	9	10	15	64	56	14	5	53	24	27	25	23	6	7	62	15	6	5	8	21	8	18	7	23	8	3	2	3	14	9	6	8	11	16	6	9	23	7	8	11	1	1	15	24	0	6	3	3	4	7	12	10	6	3	7	46	15	18	3	10	16	4	4	14	16	26	15	7	6	5	7	1	5	14	3	9	26	22	8	16	8	11	12	2	4	8	0	4	7	11	0	11	14	0	5	12	5	1	18	8	8	9	7	11	7	10	11	18	6	7	4	11	28	8	11	8	9	14	8	10	3	14	5	5	14	0	7	7	17	12	5	0	8	35	15	16	15	12	10	9	14	15	24	32	10	8	31	7	47	27	2	22	9	6	12	19	5	3	11	10	9	2	10	4	7	8	10	9	6	12	25	8	14	7	8	7	3	8	4	11	5	13	3	0	10	0	11	6	5	10	12	9	8	6	21	5	10	14	9	3	5	6	10	5	7	7	7	7	11	13	12	16	10	8	13	55	7	29	3	4	4	28	13	4	1	5	7	6	15	8	11	9	65	39	21	104	0	8	6	9	12	6	8	10	18	6	18	10	8	12	10	7	2	8	7	16	3	7	12	9	2	9	17	2	5	13	29	6	9	11	0	6	9	10	12	8	0	9	7	2	5	5	7	3	12	7	8	9	7	22	6	6	7	8	7	10	7	4	13	5	9	3	9	11	9	6	10	5	9	9	8	17	11	8	5	2	11	8	8	14
C[T>G]C	5	17	14	10	20	8	32	20	23	18	25	16	20	15	13	13	19	26	9	8	4	24	15	8	7	16	3	7	2	1	6	11	6	6	18	40	8	12	50	4	31	14	3	7	14	48	0	13	5	11	5	19	14	11	15	8	4	22	14	16	14	17	16	15	13	29	16	41	13	12	4	15	13	3	7	9	5	25	17	5	7	14	7	5	17	4	8	4	23	7	9	8	0	20	14	9	9	6	9	3	20	11	8	17	13	17	16	9	6	23	12	7	6	6	30	14	18	11	13	22	15	4	11	14	12	8	24	15	12	12	9	9	5	1	13	5	22	6	31	14	22	6	19	21	8	20	21	11	31	2	15	38	0	15	10	8	11	16	21	12	6	6	5	0	5	7	16	14	13	21	14	15	18	7	15	18	6	10	13	5	9	12	19	12	0	12	14	20	16	0	8	9	13	3	11	10	42	15	12	22	30	3	9	10	12	10	13	3	7	13	21	20	23	22	18	13	7	30	15	29	7	12	12	25	27	10	4	7	4	5	11	9	12	10	31	18	29	38	3	8	6	5	18	12	9	10	11	6	21	27	28	16	22	13	13	31	23	16	6	11	10	9	5	17	19	26	9	9	10	13	14	5	9	8	3	6	8	5	4	15	5	3	14	17	0	7	12	0	10	9	15	17	7	9	15	14	7	2	7	13	2	18	16	8	9	9	5	12	10	11	9	4	8	17	7	11	2	10	9	7	2	27
C[T>G]G	0	13	19	5	27	68	57	9	9	44	31	40	34	36	19	10	69	15	11	6	9	27	18	26	9	11	14	23	2	11	9	12	5	2	19	57	13	12	27	21	8	23	1	19	16	58	38	13	15	13	8	19	27	23	18	9	15	50	47	18	9	21	27	0	21	39	23	71	36	16	10	11	20	7	9	32	12	16	14	15	14	41	5	11	15	2	7	20	17	19	11	17	13	11	23	9	14	13	8	16	14	19	15	16	21	17	25	13	16	10	7	11	19	55	32	24	20	8	18	27	21	8	11	25	20	13	24	8	10	9	12	14	10	9	11	50	26	19	29	12	25	23	23	28	55	27	28	16	28	21	35	32	10	51	12	8	26	33	24	9	15	12	22	3	9	12	9	14	15	23	16	15	51	16	7	20	16	21	14	10	4	22	12	20	3	12	24	16	16	6	17	14	19	8	18	20	13	11	12	22	25	5	12	16	14	8	20	14	18	25	13	15	18	18	13	24	11	57	31	67	3	17	11	35	36	8	7	5	7	9	24	19	17	12	71	26	40	139	3	10	19	12	7	14	3	10	4	10	17	21	23	20	30	13	18	27	14	27	6	18	7	7	12	14	19	18	12	13	38	9	17	16	2	11	19	17	10	10	8	15	4	3	17	15	7	10	10	13	13	12	21	19	10	20	12	19	20	20	13	6	18	18	16	14	7	22	13	11	14	23	13	20	14	11	11	10	14	9	20	14	16	14
C[T>G]T	19	30	17	10	36	11	69	29	23	36	27	40	47	40	18	23	50	56	7	6	39	37	20	43	22	33	19	16	12	11	23	15	19	23	35	79	38	18	86	25	69	36	10	24	31	77	28	13	21	17	20	25	50	44	22	32	30	39	33	45	27	28	44	15	25	25	21	102	44	26	21	27	33	10	16	42	14	45	31	46	23	63	22	23	27	18	20	27	0	15	20	24	13	47	29	35	9	20	24	12	28	23	24	26	17	25	33	20	17	52	14	22	43	33	32	27	34	27	29	37	39	25	19	20	27	19	30	35	22	37	24	29	10	6	19	35	39	32	50	19	45	34	27	48	71	45	28	15	31	16	29	27	2	29	19	13	23	40	15	13	23	16	16	12	26	12	20	22	23	28	6	40	32	16	27	29	41	28	22	22	22	29	28	17	16	42	29	20	16	24	28	29	31	8	35	34	34	20	17	26	43	5	20	25	41	8	12	18	18	34	38	31	47	65	40	59	18	44	49	51	16	22	20	20	41	6	14	9	18	12	12	26	23	17	64	30	44	53	8	12	13	30	32	35	20	20	26	21	47	34	15	25	37	15	25	42	24	43	24	33	15	17	18	25	41	24	16	26	26	21	21	41	11	20	45	29	10	24	4	34	25	6	28	24	14	15	18	13	23	32	32	48	29	15	17	41	17	17	10	17	22	30	45	8	25	33	20	28	18	17	38	14	16	29	13	14	17	9	11	19	13	35
G[T>G]A	5	9	10	5	8	23	31	4	9	13	11	25	16	10	6	9	25	10	1	5	3	7	11	5	5	3	2	2	0	4	2	5	3	2	11	21	7	9	9	7	8	4	1	3	9	19	0	5	7	6	3	9	4	9	1	3	7	21	11	8	12	10	13	7	4	7	8	20	12	7	0	8	3	4	5	18	6	6	6	6	7	20	3	6	11	4	5	4	0	6	6	5	8	8	8	4	0	7	6	8	3	7	14	7	7	14	13	6	6	10	4	6	7	6	8	4	7	3	3	5	5	7	5	4	7	3	7	4	2	5	8	2	10	2	8	15	7	3	15	4	6	8	12	7	0	5	5	8	10	7	8	32	2	16	1	6	6	7	5	6	2	6	0	5	2	4	9	0	7	7	8	3	12	5	4	9	6	3	3	10	1	1	5	7	3	6	0	4	5	0	3	12	7	3	6	3	30	6	10	6	8	5	5	4	12	8	2	6	3	6	3	10	17	8	2	7	9	16	9	21	3	5	7	11	15	0	3	1	4	5	9	1	7	5	27	15	18	63	0	5	6	8	7	6	6	3	4	7	12	7	5	8	3	0	5	14	5	8	5	15	1	4	5	5	10	4	0	0	12	3	8	4	0	3	11	3	2	0	8	7	4	2	3	9	0	2	6	0	4	3	10	6	6	7	5	3	5	2	3	4	2	4	9	3	7	6	7	3	0	3	2	4	8	6	6	3	5	7	0	3	3	6
G[T>G]C	5	0	3	16	6	0	11	8	0	4	8	4	3	13	3	6	25	5	2	0	4	6	3	6	0	5	2	3	2	1	3	4	3	2	0	16	1	3	18	4	8	9	0	7	2	14	0	6	2	2	3	4	2	9	8	2	4	5	6	9	0	3	11	7	13	7	5	18	13	5	0	6	4	3	2	14	2	7	2	5	3	11	2	9	5	2	1	1	0	0	6	4	0	2	1	9	0	3	1	4	6	3	9	2	4	6	3	1	4	8	4	1	6	6	3	3	6	3	1	4	10	3	0	8	9	5	7	8	5	2	8	7	10	2	8	0	6	0	5	9	6	3	4	8	0	16	5	6	10	5	9	11	2	4	1	5	5	6	5	3	2	4	3	3	0	1	4	2	2	9	16	0	16	3	4	2	5	5	1	7	6	2	2	1	7	0	0	16	0	6	6	9	6	2	6	7	4	6	0	8	3	2	4	6	2	7	7	1	7	11	10	8	11	12	7	5	1	5	18	21	1	6	0	1	11	0	3	8	1	2	5	5	4	3	11	7	13	12	3	0	1	4	10	6	5	0	9	7	9	6	7	5	13	4	2	7	5	7	1	4	1	2	5	3	12	2	2	2	7	2	8	0	5	3	2	3	2	2	0	3	5	1	2	1	0	5	2	0	3	8	6	6	1	2	7	0	0	5	2	6	4	9	2	3	2	2	4	8	2	6	11	4	4	2	6	5	2	3	0	3	2	0
G[T>G]G	5	9	20	16	17	49	35	7	5	31	20	10	13	28	11	19	0	20	6	3	13	10	12	10	5	14	2	3	5	1	11	14	3	9	16	33	10	10	27	4	15	11	7	7	13	34	0	25	8	11	8	10	6	20	13	5	11	32	12	11	14	9	11	7	0	21	20	38	20	15	13	3	9	3	9	14	14	13	16	12	10	34	10	3	15	5	5	13	6	0	10	19	25	17	22	13	9	4	9	7	15	7	11	19	17	22	21	10	18	21	9	11	13	6	17	8	14	19	7	12	19	3	5	13	30	6	14	19	15	8	14	10	29	2	13	35	22	13	21	4	14	17	4	15	8	11	12	3	23	7	18	32	8	20	7	18	9	15	18	9	6	3	5	9	9	13	13	14	8	9	20	13	19	12	14	7	14	13	3	10	15	13	10	7	10	30	10	12	19	12	8	17	17	8	8	8	17	11	23	16	19	10	4	17	8	5	7	14	11	11	33	13	15	22	8	16	15	8	5	29	13	19	8	27	19	8	6	10	3	5	14	9	8	12	29	3	22	41	12	1	4	9	5	9	8	3	9	7	9	15	11	12	15	7	2	18	12	10	8	11	3	19	11	11	12	13	14	11	15	3	14	11	0	12	8	10	5	17	4	12	17	6	5	13	7	7	8	7	10	12	13	10	14	11	5	8	5	5	8	2	11	11	2	6	14	9	11	11	10	14	13	9	12	15	9	0	5	5	0	2	3	12
G[T>G]T	9	13	17	36	9	15	22	9	19	9	8	12	18	18	14	7	50	15	4	6	12	25	15	18	0	16	8	0	2	6	6	10	10	6	11	25	7	13	36	7	23	9	3	15	16	58	9	11	3	8	11	7	12	20	9	12	15	24	12	5	16	21	16	0	17	7	25	51	15	14	12	8	10	7	6	42	11	19	17	17	10	18	7	15	13	7	3	11	6	17	7	9	13	23	15	4	5	9	14	10	12	12	12	19	7	14	14	11	13	34	7	10	14	28	27	13	21	5	12	18	19	10	11	8	12	6	16	0	3	9	15	3	10	5	9	20	16	6	21	14	20	9	15	16	24	27	14	10	11	12	14	11	3	13	9	14	11	21	7	3	15	6	3	3	5	7	12	22	3	18	17	10	8	11	15	0	8	15	9	8	10	10	12	16	16	6	10	0	8	3	11	12	17	8	11	24	17	7	14	14	24	5	8	8	14	7	12	8	14	17	11	8	26	18	17	12	7	13	27	34	1	5	11	11	18	13	6	6	7	9	11	10	15	4	20	16	18	18	3	9	7	14	12	19	8	10	10	7	14	19	9	9	15	8	7	21	15	25	8	18	6	7	9	16	21	11	7	2	14	9	18	34	4	8	14	13	0	7	0	10	5	5	13	8	7	5	18	0	9	12	6	17	6	4	15	5	7	12	5	2	2	5	16	3	5	13	13	12	12	12	4	9	6	13	6	10	8	14	9	2	7	6
T[T>G]A	14	13	23	21	29	53	66	15	14	44	31	58	45	59	14	22	94	46	17	15	9	37	17	28	5	20	6	9	12	4	12	9	8	6	32	43	13	12	36	11	31	18	7	9	22	82	19	13	10	11	17	16	39	29	9	14	26	45	39	14	14	21	39	11	13	39	25	89	32	20	10	21	19	11	12	23	15	35	26	20	11	27	12	12	27	7	12	18	17	6	3	17	13	22	23	9	14	16	19	12	17	12	29	15	25	33	24	21	16	36	10	21	25	39	47	17	28	24	18	17	16	12	6	13	23	9	23	12	20	13	27	12	14	6	8	20	23	26	29	18	30	19	21	31	16	38	19	10	26	12	38	65	12	57	17	14	21	34	12	7	18	22	14	14	17	13	14	19	8	20	22	13	23	21	25	11	27	11	14	8	10	13	22	22	13	12	14	16	27	6	12	14	19	9	18	24	21	25	17	22	20	5	8	25	6	7	13	11	11	25	13	13	23	28	32	20	19	69	27	67	4	13	12	39	38	10	10	10	12	9	23	15	17	18	87	29	27	120	10	5	4	25	24	27	3	15	15	17	16	16	16	13	13	18	14	34	20	43	11	13	12	19	6	13	10	15	14	19	32	14	14	16	7	17	17	9	15	14	8	7	5	4	19	11	0	5	30	0	13	18	15	18	15	2	12	8	7	10	12	6	26	28	24	6	7	17	13	20	2	12	9	5	12	23	9	11	12	14	9	5	11	25
T[T>G]C	0	13	16	10	11	30	28	5	0	22	28	27	13	17	8	9	19	20	4	5	7	13	6	17	7	14	3	3	7	3	11	11	3	15	21	33	14	9	32	7	31	13	3	9	16	58	9	6	7	13	11	19	19	19	12	6	15	21	6	11	14	9	23	4	8	11	25	39	30	8	10	11	16	4	10	23	6	29	26	20	12	34	5	6	13	4	3	11	6	7	1	12	4	11	10	4	19	7	8	5	20	16	18	16	15	22	12	10	9	18	7	12	23	33	27	15	18	11	9	9	16	7	8	11	15	8	15	8	5	9	18	12	14	5	8	10	23	19	26	23	20	6	10	16	32	41	21	5	16	21	20	16	5	20	10	8	20	37	15	6	15	12	12	5	7	7	17	7	8	12	11	22	14	7	19	18	10	18	6	7	10	14	14	19	3	12	0	12	8	9	17	10	7	6	26	13	21	7	14	17	14	2	3	14	15	15	10	20	7	18	14	21	17	24	23	17	7	24	13	27	6	10	2	8	20	6	10	5	7	8	15	6	12	5	37	22	22	31	5	8	7	6	20	22	5	7	13	14	18	11	16	7	21	8	6	25	14	5	6	11	6	6	2	13	8	11	2	4	10	8	13	5	4	11	12	6	5	11	0	7	5	3	6	5	7	2	4	0	10	8	10	9	6	7	12	3	12	7	7	8	11	14	16	6	9	6	7	9	2	11	9	9	12	15	6	6	8	7	0	2	7	23
T[T>G]G	9	17	21	21	23	38	71	15	14	67	30	58	23	44	33	12	75	5	11	14	20	40	21	27	3	39	19	12	7	4	18	25	11	9	23	47	20	15	23	4	8	25	6	23	20	48	19	19	18	3	18	18	35	33	18	18	19	55	24	29	8	21	36	4	8	46	25	85	23	18	7	24	13	12	12	37	6	23	34	18	12	54	5	14	18	5	13	15	51	15	10	19	17	20	26	18	19	13	5	3	12	19	23	26	19	23	22	14	15	34	15	12	13	78	40	19	25	19	23	19	32	12	14	17	22	21	24	12	15	20	24	17	14	5	11	70	28	18	29	21	16	23	23	30	16	47	21	8	25	12	53	65	10	35	4	19	18	24	12	13	18	15	10	12	12	6	23	17	13	14	17	20	22	23	19	11	29	8	10	12	7	18	24	12	7	24	10	16	14	27	20	19	24	6	21	21	59	15	9	28	28	12	11	19	29	12	17	10	15	30	16	29	47	26	27	20	19	52	29	62	13	13	10	42	22	11	6	9	16	8	21	16	22	13	52	27	40	103	10	15	10	16	22	16	15	8	14	12	21	27	19	22	28	14	18	43	24	14	10	18	13	11	7	12	17	9	9	9	36	9	9	16	7	14	12	12	13	22	4	18	11	3	5	16	7	9	16	20	15	23	25	23	16	11	22	14	5	10	13	6	26	19	35	11	28	11	11	14	6	12	2	4	18	21	7	10	11	19	11	10	15	17
T[T>G]T	14	39	61	42	63	68	90	40	33	116	75	79	73	79	45	55	87	77	22	28	29	88	43	57	24	52	30	31	14	8	52	39	26	32	76	156	52	47	127	67	138	65	18	41	61	130	47	46	26	33	42	49	73	66	39	59	45	66	45	69	62	56	89	26	51	61	54	185	86	60	30	48	41	28	20	51	26	53	81	75	32	97	15	56	61	21	31	17	28	20	33	43	38	31	59	53	28	32	47	25	58	38	61	49	50	48	66	39	26	93	31	47	61	72	115	36	65	24	34	58	62	26	46	40	62	36	56	23	34	50	41	32	58	18	40	30	69	43	110	61	61	48	66	82	135	117	78	15	56	28	70	97	10	44	25	19	39	76	38	18	42	24	45	12	40	31	33	58	23	36	39	49	34	23	48	31	43	49	49	32	25	38	45	35	13	54	29	51	19	24	55	41	67	29	63	58	93	53	78	96	76	27	23	25	68	37	38	33	32	52	65	80	86	87	53	65	42	68	73	123	21	41	28	70	74	22	23	13	28	35	32	54	50	20	98	44	77	92	13	12	14	45	57	73	23	55	47	29	80	74	54	33	78	45	33	101	41	53	22	63	15	32	22	47	52	46	23	39	49	27	43	34	16	47	47	33	17	45	37	47	20	8	24	41	14	18	36	0	35	37	53	49	24	24	37	33	25	42	12	23	31	46	47	6	34	39	38	55	28	45	26	27	25	42	24	29	29	26	28	17	31	54
