MutationType	PD30346_Glomeruli	PD30346_Proximal_tubules	PD30354_Glomeruli	PD30354_Proximal_tubules	PD30356_Glomeruli	PD30356_Proximal_tubules	PD30365_Distal_tubules	PD30365_Glomeruli	PD30365_Proximal_tubules	PD30367_Glomeruli	PD30367_Proximal_tubules	PD30369_Distal_tubules	PD30369_Glomeruli	PD30369_Proximal_tubules	PD30378_Glomeruli	PD30378_Proximal_tubules	PD30380_Distal_tubules	PD30380_Glomeruli	PD30380_Proximal_tubules	PD30388_Glomeruli	PD30388_Proximal_tubules	PD30407_Glomeruli	PD30407_Proximal_tubules	PD41750_Glomeruli	PD41750_Proximal_tubules	PD42581_Glomeruli	PD42581_Medulla	PD42581_Proximal_tubules	PD42882_Glomeruli	PD42882_Medulla	PD42882_Proximal_tubules	PD42885_Distal_tubules	PD42885_Glomeruli	PD42885_Medulla	PD42885_Proximal_tubules	PD42887_Distal_tubules	PD42887_Glomeruli	PD42887_Medulla	PD42887_Proximal_tubules	PD42893_Glomeruli	PD42893_Medulla	PD42893_Proximal_tubules	PD42894_Distal_tubules	PD42894_Glomeruli	PD42894_Medulla	PD42894_Proximal_tubules	PD42905_Glomeruli	PD42905_Medulla	PD42905_Proximal_tubules	PD43850_Glomeruli	PD43850_Medulla	PD43850_Proximal_tubules	PD43851_Glomeruli	PD43851_Medulla	PD43851_Proximal_tubules	PD46710_Glomeruli	PD46710_Medulla	PD46710_Proximal_tubules	PD46860_Glomeruli	PD46860_Medulla	PD46860_Proximal_tubules	PD46866_Glomeruli	PD46866_Medulla	PD46866_Proximal_tubules	PD46868_Glomeruli	PD46868_Medulla	PD46868_Proximal_tubules	PD46885_Glomeruli	PD46885_Proximal_tubules	PD46891_Glomeruli	PD46891_Medulla	PD46891_Proximal_tubules	PD47586_Glomeruli	PD47586_Medulla	PD47586_Proximal_tubules	PD47592_Glomeruli	PD47592_Proximal_tubules	PD47596_Glomeruli	PD47596_Medulla	PD47596_Proximal_tubules	PD48869_Glomeruli	PD48869_Medulla	PD48869_Proximal_tubules	PD50153_Glomeruli	PD50153_Medulla	PD50153_Proximal_tubules	PD50165_Distal_tubules	PD50165_Glomeruli	PD50165_Medulla	PD50165_Proximal_tubules	PD50168_Glomeruli	PD50168_Medulla	PD50168_Proximal_tubules	PD50171_Glomeruli	PD50171_Medulla	PD50171_Proximal_tubules	PD50297_Distal_tubules	PD50297_Glomeruli	PD50297_Medulla	PD50297_Proximal_tubules	PD50630_Glomeruli	PD50630_Proximal_tubules	PD51213_Glomeruli	PD51213_Medulla	PD51213_Proximal_tubules	PD51227_Glomeruli	PD51227_Medulla	PD51227_Proximal_tubules	PD51269_Glomeruli	PD51269_Medulla	PD51269_Proximal_tubules	PD51285_Glomeruli	PD51285_Medulla	PD51285_Proximal_tubules	PD51385_Glomeruli	PD51385_Medulla	PD51385_Proximal_tubules	PD51526_Glomeruli	PD51526_Medulla	PD51526_Proximal_tubules	PD51541_Glomeruli	PD51541_Medulla	PD51541_Proximal_tubules	PD51544_Distal_tubules	PD51544_Glomeruli	PD51544_Medulla	PD51544_Proximal_tubules	PD51642_Glomeruli	PD51642_Medulla	PD51642_Proximal_tubules	PD51667_Glomeruli	PD51667_Medulla	PD51667_Proximal_tubules	PD51682_Glomeruli	PD51682_Medulla	PD51682_Proximal_tubules	PD51695_Glomeruli	PD51695_Medulla	PD51695_Proximal_tubules	PD51697_Glomeruli	PD51697_Proximal_tubules	PD51702_Distal_tubules	PD51702_Glomeruli	PD51702_Medulla	PD51702_Proximal_tubules	PD51705_Glomeruli	PD51705_Medulla	PD51705_Proximal_tubules	PD51737_Distal_tubules	PD51737_Glomeruli	PD51737_Proximal_tubules	PD56385_Glomeruli	PD56385_Medulla	PD56385_Proximal_tubules	PD56386_Distal_tubules	PD56386_Glomeruli	PD56386_Proximal_tubules	PD67534_Glomeruli	PD67534_Medulla	PD67534_Proximal_tubules	PD67535_Glomeruli	PD67535_Medulla	PD67535_Proximal_tubules	PD67536_Glomeruli	PD67536_Proximal_tubules	PD67537_Glomeruli	PD67537_Proximal_tubules	PD67538_Glomeruli	PD67538_Medulla	PD67538_Proximal_tubules	PD67539_Glomeruli	PD67539_Medulla	PD67539_Proximal_tubules	PD67540_Glomeruli	PD67540_Medulla	PD67540_Proximal_tubules	PD67541_Glomeruli	PD67541_Proximal_tubules	PD67542_Glomeruli	PD67542_Proximal_tubules	PD67543_Glomeruli	PD67543_Proximal_tubules	PD67544_Glomeruli	PD67544_Medulla	PD67544_Proximal_tubules	PD67545_Distal_tubules	PD67545_Glomeruli	PD67545_Medulla	PD67545_Proximal_tubules	PD67546_Distal_tubules	PD67546_Glomeruli	PD67546_Medulla	PD67546_Proximal_tubules	PD67547_Glomeruli	PD67547_Proximal_tubules	PD67548_Glomeruli	PD67548_Proximal_tubules	PD67549_Glomeruli	PD67549_Medulla	PD67549_Proximal_tubules	PD67550_Glomeruli	PD67550_Medulla	PD67550_Proximal_tubules	PD67551_Glomeruli	PD67551_Medulla	PD67551_Proximal_tubules	PD67552_Glomeruli	PD67552_Medulla	PD67552_Proximal_tubules	PD67553_Glomeruli	PD67553_Medulla	PD67553_Proximal_tubules	PD67554_Glomeruli	PD67554_Medulla	PD67554_Proximal_tubules	PD67555_Glomeruli	PD67555_Medulla	PD67555_Proximal_tubules	PD67556_Glomeruli	PD67556_Proximal_tubules	PD67557_Glomeruli	PD67557_Proximal_tubules	PD67558_Glomeruli	PD67558_Medulla	PD67558_Proximal_tubules	PD67559_Glomeruli	PD67559_Proximal_tubules	PD67560_Glomeruli	PD67560_Medulla	PD67560_Proximal_tubules	PD67561_Glomeruli	PD67561_Medulla	PD67561_Proximal_tubules	PD67562_Distal_tubules	PD67562_Glomeruli	PD67562_Proximal_tubules	PD67563_Glomeruli	PD67563_Proximal_tubules
A[C>A]A	28	29	65	68	31	49	36	68	124	16	21	25	60	110	67	68	42	40	86	55	51	52	64	58	58	42	39	39	54	69	112	17	58	26	70	58	59	52	180	54	67	86	49	68	54	231	94	73	314	68	46	50	48	50	63	62	101	138	91	58	142	80	98	214	81	64	112	44	155	48	54	94	36	22	24	61	65	54	47	181	58	48	118	38	31	65	36	38	31	52	28	0	50	15	30	33	9	9	9	8	66	108	76	56	193	52	38	64	41	56	72	53	24	84	45	44	88	71	45	86	52	35	81	72	81	49	123	60	52	49	57	60	53	66	50	62	77	84	47	62	56	21	62	33	64	39	25	42	37	74	120	22	27	33	9	16	25	52	48	158	59	62	90	43	65	28	32	47	29	62	45	18	43	50	53	46	57	88	54	91	22	28	73	35	96	30	57	34	70	22	64	38	128	74	110	38	30	48	32	46	36	24	33	36	33	42	49	38	52	66	34	104	57	38	51	46	40	35	36	28	34	64	56	33	60	38	54	44	23	30	38	44	26	36	48	110	67	108
A[C>A]C	18	19	18	30	17	24	23	34	54	10	16	27	46	50	28	48	17	16	48	27	28	28	42	28	34	27	29	18	36	66	32	12	28	12	22	24	38	35	74	38	35	38	32	36	28	106	52	41	175	30	27	21	27	33	38	24	42	28	46	46	72	26	28	107	33	34	62	33	59	40	11	56	14	10	16	36	40	32	17	52	23	30	68	9	18	28	6	38	15	28	16	38	26	13	12	11	3	4	2	5	32	39	22	48	35	19	21	32	14	24	21	36	20	46	27	49	49	28	44	32	26	24	21	38	31	34	69	23	28	17	33	34	29	28	23	28	46	48	53	25	49	6	19	30	37	23	20	14	20	52	56	19	21	15	1	7	13	37	43	74	34	56	47	19	52	21	34	18	16	24	21	16	34	28	24	29	27	47	24	38	14	5	37	18	28	18	30	38	24	19	22	13	40	37	42	26	24	34	9	17	20	24	28	16	12	28	31	24	16	32	20	42	30	34	29	22	17	20	18	16	20	25	29	24	24	18	14	20	22	14	20	21	23	19	26	38	20	52
A[C>A]G	6	2	12	12	4	4	8	10	10	2	0	12	12	17	14	20	0	10	8	12	8	10	15	15	18	0	8	4	11	9	32	23	5	0	12	8	10	12	22	8	9	6	9	7	15	45	26	11	37	14	9	6	12	10	15	8	15	12	0	8	16	12	6	53	33	13	9	8	18	0	10	10	2	3	6	16	13	8	7	8	12	15	0	8	4	12	0	6	5	6	2	0	0	0	9	4	2	1	2	0	7	14	22	26	35	9	4	4	9	2	7	11	14	14	12	17	20	12	8	22	12	4	12	8	12	11	7	3	6	4	4	7	10	8	10	9	7	20	8	5	7	4	21	5	8	7	12	2	10	17	16	5	2	8	0	0	0	8	7	14	11	11	6	6	16	6	4	0	4	9	6	10	9	6	6	14	12	6	6	14	2	2	6	12	11	1	8	11	6	10	6	4	10	10	14	8	4	6	4	14	6	6	2	9	6	0	10	10	4	6	8	11	6	19	8	6	4	8	6	4	10	6	10	11	10	6	4	4	6	8	3	11	8	7	4	12	10	26
A[C>A]T	24	22	22	23	19	20	22	32	63	10	11	12	37	70	36	54	8	17	39	42	38	44	44	35	38	30	14	21	56	34	50	17	34	18	31	42	48	42	74	32	45	42	40	45	37	122	46	44	152	34	24	16	24	26	40	57	54	80	56	21	103	60	28	67	81	40	22	51	73	40	22	34	20	15	22	40	46	53	31	108	35	24	169	23	23	61	18	26	12	12	20	38	20	22	18	25	8	4	5	10	26	61	40	38	70	17	24	50	28	32	56	31	14	34	31	24	50	24	15	54	11	29	43	20	39	40	73	33	28	23	28	34	34	40	24	38	38	40	34	38	49	6	31	25	34	30	27	22	21	46	80	20	14	16	6	15	3	36	27	80	35	33	43	22	32	26	42	32	22	17	31	13	10	38	22	26	28	52	31	57	20	18	34	20	45	24	30	30	24	17	30	20	55	50	45	24	18	28	13	22	16	22	11	23	21	32	26	18	20	42	26	42	32	24	31	24	25	21	17	9	29	21	38	20	26	24	37	32	24	19	24	23	15	31	22	44	37	66
C[C>A]A	40	29	29	58	31	38	28	52	88	10	17	29	59	100	48	73	25	36	67	62	51	50	60	52	41	35	26	22	31	90	58	23	36	33	69	41	49	54	160	53	59	57	45	63	32	188	60	52	211	82	42	32	49	48	58	32	62	98	35	87	122	62	28	134	49	64	70	35	114	32	44	72	22	14	24	63	62	61	47	84	69	36	68	38	33	83	43	19	25	40	32	0	60	24	45	48	6	4	4	12	43	96	92	93	0	32	26	51	34	40	69	40	39	66	57	41	85	71	42	80	29	39	30	32	48	60	96	40	55	37	42	56	46	42	39	53	76	69	81	41	63	21	45	44	51	30	32	36	31	74	91	21	32	22	7	9	18	46	45	168	53	82	118	43	55	33	38	44	45	63	31	30	42	42	48	55	42	81	50	134	24	30	54	45	91	28	51	48	66	24	49	38	151	56	144	37	48	58	31	83	30	19	37	42	28	44	44	34	42	54	35	105	46	56	43	44	19	32	30	16	36	63	49	31	67	24	21	30	39	34	28	37	38	29	54	115	60	105
C[C>A]C	22	15	24	26	16	32	16	28	81	4	11	19	39	66	35	48	17	14	41	28	38	26	48	28	46	17	17	39	41	47	72	17	19	32	57	29	37	30	103	34	39	39	32	32	32	107	26	35	196	46	35	45	26	52	41	30	36	78	66	46	79	38	28	107	24	67	66	20	81	16	11	46	12	10	16	38	53	35	17	80	35	43	68	17	14	51	30	10	22	52	24	19	34	17	15	7	5	7	3	6	27	61	50	24	35	27	16	38	34	37	46	39	26	35	24	33	101	51	26	73	32	32	61	18	31	29	69	19	33	28	24	42	26	24	23	50	38	51	43	22	49	16	22	11	42	16	31	20	27	63	52	25	14	30	3	8	9	24	43	100	32	47	66	23	49	18	27	16	23	17	20	23	38	17	20	34	28	64	28	63	14	4	30	28	63	7	25	23	62	16	24	26	108	34	62	14	39	22	19	33	13	12	15	18	17	42	25	26	36	27	28	80	38	26	35	18	10	22	11	26	29	50	12	20	42	13	28	20	19	20	16	35	28	15	18	66	32	74
C[C>A]G	2	10	12	9	6	10	3	14	22	4	4	8	14	23	10	12	4	0	20	6	18	6	10	14	10	9	4	4	10	15	22	0	8	2	15	7	2	8	14	4	6	5	11	6	2	23	6	5	41	11	13	13	4	10	10	0	6	26	25	0	16	6	0	13	8	3	4	8	14	0	16	7	0	6	3	0	16	8	6	28	0	14	0	6	7	22	6	6	5	18	5	0	4	0	6	0	0	0	2	0	8	18	12	14	0	8	6	8	6	2	28	13	3	12	9	9	27	0	10	29	10	12	11	16	12	10	15	11	3	8	8	7	10	6	1	5	10	10	8	2	5	4	7	10	12	3	4	8	4	23	7	11	2	8	0	3	5	12	18	18	6	18	22	6	6	4	24	4	7	8	9	1	12	4	3	6	10	8	2	16	4	0	4	7	12	17	11	11	8	4	11	12	18	14	6	4	16	1	7	13	6	2	4	0	0	5	6	5	11	4	6	12	9	18	4	6	7	4	6	4	1	6	7	4	6	5	8	6	6	20	4	11	2	8	4	8	16	16
C[C>A]T	21	34	30	60	19	30	19	38	74	9	15	19	40	90	41	62	8	12	48	30	37	26	70	32	38	9	17	18	44	52	63	35	36	31	57	37	33	40	120	32	39	60	29	43	28	159	22	34	151	58	29	32	30	21	46	40	70	67	35	46	97	26	23	94	49	32	67	28	82	0	38	54	18	14	20	52	53	46	26	108	69	30	34	32	22	63	30	20	12	29	18	56	43	14	30	22	6	3	5	6	32	79	40	56	105	23	16	38	20	33	62	29	22	44	39	38	64	36	23	80	40	31	61	34	29	22	60	24	29	30	24	35	46	32	45	58	81	42	43	30	53	19	43	23	40	22	20	18	17	69	76	22	16	21	1	10	8	28	30	124	40	49	64	20	65	19	40	25	29	34	22	22	36	36	28	40	30	52	42	82	15	14	40	23	62	17	36	29	58	17	34	25	90	36	58	23	32	30	20	77	17	8	26	24	18	49	34	18	52	40	32	72	43	24	45	22	26	30	20	26	27	44	42	31	42	20	28	22	33	18	18	24	20	23	32	78	38	70
G[C>A]A	20	7	14	32	19	24	25	42	60	8	14	25	38	68	42	40	13	21	42	38	40	28	38	37	20	32	20	28	42	48	28	0	36	18	33	44	32	27	74	44	43	49	31	40	33	116	46	42	174	52	25	37	33	33	34	65	23	34	30	79	58	29	26	67	16	28	34	22	78	24	16	52	14	22	22	42	35	48	24	96	35	33	101	21	26	24	18	35	18	12	17	0	48	13	6	11	5	7	5	6	48	53	92	24	158	24	20	44	26	38	25	17	23	50	28	32	56	40	25	41	53	39	41	26	47	33	63	20	33	22	41	40	22	31	30	26	63	50	53	30	44	4	26	12	50	31	34	31	23	23	72	18	14	17	0	9	10	35	18	83	39	47	64	42	42	24	24	48	22	22	20	21	20	30	31	34	34	38	32	56	18	8	34	31	56	22	30	37	50	17	32	32	76	36	50	16	22	26	4	63	25	14	24	20	38	24	30	29	51	34	22	48	36	30	53	20	33	38	22	22	24	36	30	25	32	34	22	31	31	24	31	45	20	44	30	58	42	83
G[C>A]C	10	10	6	19	14	20	22	22	48	4	4	12	35	48	22	33	8	13	21	18	24	25	44	36	33	12	10	20	10	70	32	12	19	5	18	19	16	19	59	31	20	31	16	26	16	74	24	29	118	12	23	18	19	29	29	11	27	52	46	12	63	27	50	40	16	27	30	15	58	16	6	42	15	12	16	27	54	28	24	44	23	28	68	13	17	28	18	10	6	6	5	0	22	14	12	7	6	4	6	9	12	32	47	32	70	23	13	30	18	30	32	16	19	40	19	19	25	24	44	35	16	22	16	34	20	24	73	17	17	14	18	24	27	16	23	32	28	33	38	12	21	4	16	15	36	12	13	18	27	17	50	12	12	17	4	8	14	25	36	69	25	33	15	16	16	22	12	12	16	17	17	10	22	13	24	18	14	44	12	42	12	8	20	13	35	16	24	15	28	10	21	16	33	18	30	18	17	13	16	19	9	8	22	15	14	26	18	14	22	18	12	26	21	18	29	15	16	12	11	8	18	14	28	15	13	9	18	13	21	12	20	27	6	15	9	40	22	63
G[C>A]G	2	7	6	7	4	8	0	9	16	5	0	12	6	13	8	12	4	6	12	8	2	6	10	7	12	0	2	0	4	12	0	6	0	3	6	2	5	10	14	10	9	12	5	8	10	22	3	10	31	12	6	7	10	12	6	4	1	19	25	12	10	16	6	0	24	19	0	7	11	8	0	0	2	3	2	13	6	11	10	4	12	0	17	8	4	0	0	0	1	0	0	0	16	0	6	0	2	1	1	0	6	13	8	6	18	1	3	2	3	9	6	9	10	4	4	2	7	24	3	6	0	2	6	14	3	5	12	5	5	5	2	14	5	4	7	8	13	10	4	1	9	4	0	3	3	3	7	8	4	0	20	5	5	3	0	1	3	5	7	24	9	16	0	5	10	0	8	9	0	0	2	7	14	0	6	6	2	5	6	5	2	8	4	3	4	2	4	4	6	2	8	12	16	7	14	0	5	2	3	10	2	4	9	0	2	3	6	6	8	9	0	8	9	14	14	2	3	5	4	0	0	5	5	4	3	5	12	7	4	2	3	0	2	4	0	14	8	30
G[C>A]T	16	10	21	29	17	25	19	24	56	4	6	23	35	60	26	33	13	12	32	21	20	22	32	28	26	9	10	10	12	30	42	23	29	14	24	31	23	21	70	20	33	38	32	28	14	89	31	26	89	22	25	22	17	33	28	40	46	57	35	46	74	38	28	27	16	19	42	17	38	16	26	19	10	8	12	35	40	28	27	64	23	19	68	11	17	26	18	10	8	18	18	38	16	9	12	11	3	5	3	5	25	43	32	18	53	18	10	34	36	28	28	17	13	34	20	15	29	32	22	41	12	13	27	23	26	20	39	17	17	27	22	18	24	28	16	35	32	30	30	19	23	10	29	16	26	23	16	20	18	40	52	21	8	20	4	5	6	28	23	58	22	24	32	12	13	16	11	22	18	17	13	12	14	22	20	18	18	38	26	48	13	8	30	12	42	11	28	15	28	14	20	26	30	34	30	18	23	20	13	39	17	4	4	19	6	20	22	16	18	26	26	32	23	22	39	18	17	13	11	22	22	21	18	24	16	10	18	20	13	6	14	16	15	9	16	30	24	52
T[C>A]A	16	27	6	60	18	46	16	26	102	10	14	25	32	106	27	72	8	16	97	22	45	23	70	24	36	18	5	51	26	43	62	17	26	5	69	25	30	28	140	31	48	56	32	27	26	201	46	31	234	24	29	35	22	29	63	22	67	128	41	37	171	46	34	107	49	31	142	20	146	8	43	71	14	5	22	34	75	24	23	153	0	24	152	19	18	41	0	13	4	35	12	19	34	35	24	26	2	7	7	7	27	88	26	35	123	17	14	54	30	34	47	18	17	44	24	27	82	47	10	96	20	24	65	20	29	19	76	23	24	32	16	25	32	18	32	56	44	32	40	24	65	12	9	20	48	16	19	21	23	29	132	15	14	25	3	6	9	28	25	140	29	47	36	20	36	16	30	14	11	26	25	12	38	24	18	32	22	60	20	76	12	16	32	7	68	12	26	26	48	18	26	16	74	28	62	24	14	22	12	52	15	8	26	14	14	43	25	12	20	26	16	56	38	18	39	19	19	27	19	22	23	32	16	13	16	18	28	14	16	20	23	27	18	16	14	68	32	81
T[C>A]C	14	31	16	66	12	29	25	25	93	6	8	15	28	95	22	60	8	22	72	29	47	30	44	27	42	18	12	24	25	45	114	0	28	19	46	22	34	23	132	29	40	44	14	17	24	166	25	33	185	26	29	48	27	62	45	16	46	59	30	62	142	16	32	94	16	28	104	19	85	32	37	66	12	14	20	27	51	27	24	72	46	22	135	13	12	71	0	6	8	29	23	38	46	19	24	11	6	4	5	5	23	58	40	33	105	20	20	30	26	12	56	12	18	31	24	30	66	32	31	64	22	24	84	22	21	18	66	23	23	37	27	16	24	19	21	40	28	30	53	12	30	19	9	8	51	21	18	23	26	40	124	20	14	25	21	10	12	17	18	102	26	53	36	20	19	20	32	18	11	28	18	13	20	11	16	18	18	68	16	60	10	15	22	12	56	20	22	19	38	18	26	17	64	20	41	16	32	20	16	54	8	6	22	18	12	28	22	12	28	18	20	41	21	24	33	18	20	16	14	28	14	33	36	22	24	12	39	14	24	18	12	25	18	21	18	74	40	65
T[C>A]G	2	5	12	16	3	8	5	7	10	2	0	19	6	22	8	6	0	4	12	6	5	6	7	6	8	5	5	4	6	3	0	0	2	5	8	0	8	4	22	1	5	7	7	1	8	24	1	5	29	11	6	10	6	5	6	9	18	16	0	21	18	15	12	0	0	5	14	5	14	0	11	25	2	2	4	1	10	4	7	8	0	2	17	2	3	4	0	0	1	0	2	0	4	2	3	7	2	1	0	0	1	17	9	8	35	4	2	7	1	2	6	0	2	0	6	6	4	4	6	0	6	7	8	6	8	5	13	5	3	15	1	2	6	4	7	4	6	10	9	1	7	6	5	2	1	0	6	0	6	0	16	0	2	3	1	1	0	10	7	16	5	7	6	4	0	4	1	2	0	0	2	1	9	5	1	2	4	7	8	16	6	4	5	0	4	8	6	4	4	0	4	1	12	4	12	2	11	1	4	8	5	0	2	2	4	6	4	2	6	6	1	10	6	1	8	4	4	8	5	0	4	10	2	2	5	4	8	6	6	1	3	1	1	0	6	12	4	15
T[C>A]T	16	24	24	66	18	40	19	32	94	4	16	15	27	95	34	76	8	20	81	33	38	22	64	30	39	12	14	26	25	35	74	17	21	18	82	39	39	32	154	35	45	44	36	28	20	180	47	37	184	24	43	40	23	50	58	22	65	98	46	83	162	52	50	147	33	40	84	25	116	16	27	68	20	10	23	38	73	34	26	136	23	12	118	30	17	69	6	10	18	34	18	19	22	28	21	34	5	5	4	7	34	81	74	32	141	21	23	62	31	30	58	16	20	57	31	28	52	24	30	76	50	26	60	37	29	35	72	23	25	30	23	30	30	22	30	59	44	38	55	26	58	35	26	20	38	26	23	32	18	46	76	23	8	45	7	9	4	34	27	113	31	38	49	18	45	20	39	21	16	11	16	13	17	22	22	34	23	77	26	73	9	14	19	19	52	25	24	11	44	20	20	16	64	30	36	25	23	23	13	54	22	13	33	20	8	34	24	16	18	23	21	48	31	25	43	28	25	32	22	30	28	33	25	20	29	21	29	26	24	17	18	17	26	25	21	50	33	77
A[C>G]A	18	24	18	38	17	30	20	26	49	11	14	10	24	52	28	44	4	20	26	27	44	22	31	20	28	19	13	28	34	42	56	23	24	15	42	19	25	28	78	22	25	36	23	30	26	108	28	28	133	31	23	25	19	21	45	32	28	74	25	17	58	28	22	53	8	16	56	20	73	24	16	54	7	7	18	26	41	24	27	60	35	10	68	25	12	59	18	10	17	17	10	0	30	14	15	7	0	4	5	2	26	56	24	18	70	14	14	36	11	32	41	24	15	40	22	26	70	28	8	29	30	15	43	17	29	27	65	11	25	26	23	23	38	20	29	24	33	35	30	23	46	14	26	13	39	21	13	24	18	23	46	15	9	23	0	9	9	20	20	52	17	29	40	13	19	23	25	21	23	32	15	18	22	18	14	20	21	56	22	30	10	24	32	15	24	11	18	14	30	8	24	15	47	28	36	14	24	18	9	37	17	12	22	21	14	34	22	16	30	18	12	46	21	20	18	18	29	25	16	26	18	36	14	9	30	12	20	23	8	19	14	24	21	17	24	39	24	56
A[C>G]C	10	7	8	19	6	14	6	10	38	4	5	10	14	36	20	34	0	10	34	10	11	20	24	12	18	6	2	11	12	18	42	6	12	11	28	3	12	13	49	15	19	23	23	11	11	64	20	11	61	12	12	17	14	10	29	4	32	64	10	12	48	10	10	53	16	13	30	13	57	0	11	27	4	0	6	6	30	9	15	36	12	26	0	8	4	28	0	4	6	12	12	19	22	9	6	18	0	4	1	0	18	42	12	3	158	8	4	26	6	2	29	5	7	15	15	9	18	20	8	32	7	7	42	18	15	10	31	14	8	10	16	10	13	10	15	18	16	11	15	12	30	8	10	9	22	4	6	11	11	17	38	7	2	12	0	2	2	16	9	30	11	11	20	14	13	20	12	10	7	8	7	10	16	17	3	12	11	40	19	14	7	4	12	6	25	6	11	7	16	10	18	13	18	6	16	11	1	11	4	20	6	6	7	8	4	20	8	10	10	13	6	27	18	14	25	17	10	8	2	8	10	11	9	5	16	12	11	10	5	5	12	13	13	15	17	12	8	28
A[C>G]G	0	0	6	11	2	4	5	2	14	2	2	12	2	11	2	8	0	4	14	6	8	2	4	3	10	1	5	4	6	7	5	12	5	0	6	3	3	2	16	2	6	6	2	5	2	45	7	5	20	6	4	10	2	5	6	0	9	22	5	4	18	12	12	0	0	8	9	6	15	0	0	13	0	1	2	2	13	3	1	24	0	0	0	0	0	10	6	0	2	6	2	0	0	0	0	0	2	0	1	0	7	11	3	8	18	2	3	8	2	5	19	0	1	4	3	4	6	12	3	10	4	3	14	0	2	3	9	1	2	2	4	0	4	6	6	6	8	8	9	0	11	2	7	0	6	2	4	3	0	0	7	2	4	3	1	1	0	3	2	12	5	7	0	2	3	2	11	1	1	0	4	2	4	1	4	4	1	10	2	8	2	4	1	4	6	0	2	4	10	5	2	1	10	4	6	1	0	6	4	13	0	4	0	3	2	2	4	2	12	4	3	8	4	2	12	2	1	6	1	6	8	10	0	0	10	4	8	2	1	3	4	0	5	1	4	11	4	8
A[C>G]T	15	27	14	41	9	36	23	24	63	7	8	8	26	82	22	49	0	20	65	18	24	30	45	22	31	9	8	18	27	20	66	23	15	0	30	15	29	23	94	32	40	41	22	25	20	138	23	22	102	12	27	24	24	40	44	27	53	106	41	54	96	30	22	94	8	21	83	28	107	16	28	34	8	4	16	31	41	28	31	124	35	5	51	21	10	43	0	6	5	23	16	0	24	8	12	11	3	6	4	6	22	74	44	18	70	29	10	26	24	12	45	20	10	32	17	21	36	40	10	61	20	20	39	36	28	13	39	21	21	26	27	19	19	20	36	42	26	30	45	18	46	19	17	16	43	17	11	10	27	6	66	12	8	29	3	4	9	21	18	80	20	31	22	16	23	20	25	18	8	20	15	15	20	18	8	10	24	58	28	53	8	14	24	7	35	12	25	14	32	7	22	16	34	30	38	20	30	22	12	28	14	8	24	20	14	36	12	19	38	17	14	36	20	10	22	22	16	22	8	10	16	25	10	7	20	8	42	24	5	15	16	31	20	12	22	30	26	72
C[C>G]A	8	24	14	24	10	14	12	14	34	4	3	6	19	44	26	36	0	12	20	14	22	16	31	15	18	13	7	18	10	24	24	0	15	9	34	7	17	9	46	19	21	19	9	13	5	84	27	14	102	24	10	28	9	24	28	4	16	35	10	21	76	10	18	27	8	21	28	13	52	8	6	18	6	6	10	24	27	11	14	68	12	19	17	11	3	30	6	6	3	23	5	0	20	8	6	15	3	2	0	4	10	47	18	12	18	8	11	16	12	6	22	15	6	14	12	4	30	8	8	22	12	6	27	9	16	17	43	12	10	14	20	8	28	12	16	22	15	12	11	14	28	10	17	23	19	9	7	17	11	6	42	8	7	7	4	1	2	12	9	48	12	29	24	14	16	13	24	8	5	34	15	12	19	11	8	16	10	31	11	24	6	12	18	4	22	6	14	3	30	10	10	12	29	20	32	13	12	16	9	24	9	5	18	14	4	26	8	5	18	14	8	29	12	8	25	10	7	13	6	14	14	34	14	9	13	9	15	12	4	10	10	11	10	12	15	22	10	40
C[C>G]C	8	5	14	30	11	30	16	14	52	2	11	2	20	50	21	24	4	12	48	14	12	16	28	11	28	6	7	4	13	15	37	0	20	12	34	15	16	10	60	15	22	26	14	20	25	124	18	13	89	16	19	19	13	17	29	16	36	51	20	46	94	14	6	53	24	16	51	9	81	8	21	34	10	3	8	20	41	11	10	64	35	12	17	13	15	26	12	10	6	18	16	0	22	14	12	22	3	2	1	6	17	60	22	9	123	5	7	21	23	13	24	8	9	21	11	9	29	36	10	41	8	12	37	23	20	9	84	16	12	20	16	14	18	12	21	26	18	17	25	12	26	6	26	3	31	10	4	9	17	6	46	6	4	15	1	4	5	14	4	58	16	33	15	14	23	15	18	14	10	12	12	10	14	15	8	23	16	30	16	31	15	8	14	3	20	16	19	11	42	10	11	3	28	21	28	11	8	16	6	32	6	10	9	12	10	25	12	12	21	14	16	37	15	12	35	15	23	24	13	20	16	23	16	2	20	9	14	9	7	14	16	13	16	11	14	18	14	48
C[C>G]G	2	2	1	4	2	5	0	6	6	2	2	2	1	12	3	10	0	1	12	2	6	2	5	7	6	3	1	4	4	1	20	6	2	3	0	7	7	5	24	1	4	9	11	3	5	21	3	2	14	10	5	5	7	7	4	4	0	11	0	0	25	9	22	0	0	0	16	5	9	8	6	12	0	3	1	6	11	1	0	12	12	2	17	2	3	10	0	0	0	6	0	0	0	6	0	0	2	0	1	0	6	3	16	12	0	0	3	6	1	2	8	0	0	8	0	3	10	8	7	6	2	2	5	0	4	8	10	5	3	9	4	4	5	2	8	1	3	5	17	2	0	0	0	3	6	4	4	4	6	0	3	1	0	3	0	1	0	2	0	6	4	0	0	2	6	5	4	4	0	3	8	0	5	4	2	6	2	12	8	10	2	8	4	3	4	2	8	4	14	6	2	15	13	6	6	3	11	1	3	4	2	2	11	6	0	4	4	2	6	4	8	3	2	8	6	4	9	10	4	4	3	7	4	4	5	1	3	2	0	6	2	3	6	4	0	18	2	0
C[C>G]T	18	12	16	48	15	37	14	16	72	8	6	6	25	101	32	46	4	22	59	18	38	22	54	18	31	15	8	30	20	29	49	6	8	11	19	22	22	16	78	25	31	49	18	32	28	134	39	18	108	25	30	29	18	24	49	27	56	106	56	58	124	20	34	147	16	19	44	15	138	16	11	39	12	6	16	34	54	20	36	140	12	30	135	15	10	32	12	22	14	35	13	0	22	16	24	33	2	2	1	3	29	82	50	34	53	16	13	58	14	22	50	11	12	53	14	18	42	47	10	83	28	13	49	45	34	21	48	18	18	32	24	20	32	18	51	36	28	18	34	22	47	12	17	18	54	16	14	24	16	23	62	16	11	28	0	7	3	26	16	90	28	31	66	26	10	24	24	20	14	20	17	10	24	28	12	26	22	64	20	50	16	20	26	19	31	18	33	5	42	13	26	20	44	28	49	18	25	20	9	52	16	10	13	22	14	25	19	12	35	32	10	42	35	20	47	18	17	30	12	25	22	35	21	13	15	18	29	15	10	6	26	31	21	17	20	44	26	75
G[C>G]A	9	19	4	8	7	15	8	12	24	4	8	10	14	22	18	10	13	8	8	8	30	8	17	16	14	9	5	22	10	10	32	12	13	0	16	14	10	10	36	7	5	9	11	11	9	36	9	11	38	22	11	21	8	14	11	18	27	33	0	12	13	4	22	27	16	6	20	17	24	16	10	22	2	3	6	17	32	19	16	32	23	8	34	15	9	16	0	0	11	12	2	38	10	3	15	0	0	3	2	0	10	22	9	6	53	10	8	14	10	9	12	8	9	22	5	6	21	20	6	16	2	8	27	53	14	3	9	8	9	7	8	16	20	12	7	18	13	10	25	10	23	6	9	18	8	6	3	4	13	6	30	8	3	4	0	1	0	14	11	24	6	7	24	7	16	14	10	6	4	10	9	7	14	16	8	12	12	25	6	32	6	4	24	4	16	12	16	0	14	13	12	4	21	10	30	11	8	8	3	24	7	2	0	12	5	15	6	6	10	15	10	21	18	8	6	18	16	6	2	9	12	9	10	9	18	8	2	8	10	8	17	11	14	8	9	15	10	12
G[C>G]C	12	7	7	22	6	12	11	15	32	5	2	4	13	26	8	22	8	6	20	8	14	13	18	10	10	10	8	4	11	17	23	6	20	6	15	3	11	11	22	13	15	12	9	11	10	44	25	6	68	12	11	15	13	14	15	12	17	28	5	12	40	12	10	27	49	13	36	18	39	16	6	37	6	2	6	19	33	9	7	32	12	22	118	13	6	14	6	6	13	6	12	19	9	9	3	0	2	1	1	3	17	22	26	22	35	7	4	21	8	6	18	11	4	14	10	4	11	4	15	25	7	4	10	3	13	1	34	7	10	9	8	14	16	8	10	24	12	13	19	12	21	12	14	16	22	4	6	10	13	29	40	6	2	8	1	1	5	18	9	22	10	16	15	6	6	10	8	12	11	2	10	10	16	16	10	7	8	25	12	25	7	8	15	7	21	6	11	3	13	12	12	7	19	13	21	10	5	8	7	18	12	3	9	12	4	8	11	8	6	16	6	16	13	10	14	12	13	11	7	16	10	14	19	2	10	9	11	14	6	10	8	7	6	4	10	10	15	26
G[C>G]G	2	2	0	0	1	2	0	1	4	2	1	8	2	4	2	10	0	1	6	4	8	0	5	6	8	1	1	6	2	1	0	0	2	0	3	5	1	5	10	2	6	4	5	5	2	14	10	5	15	10	6	16	6	5	11	0	6	8	0	4	5	2	6	13	0	0	0	1	8	0	0	2	0	2	2	4	6	3	2	0	0	0	17	6	1	14	0	0	2	6	0	0	0	2	0	11	2	1	0	1	2	7	3	3	0	1	2	1	4	0	4	0	7	12	5	3	0	16	0	0	10	0	12	0	4	4	8	0	1	5	2	3	9	0	2	7	3	2	9	1	9	0	0	0	5	2	3	0	1	17	12	0	0	3	0	0	0	2	9	13	1	7	0	2	10	2	4	2	4	3	2	0	2	0	4	2	0	2	0	4	2	0	7	3	2	0	6	0	11	2	2	3	10	4	10	0	0	0	0	6	0	2	11	0	2	9	2	3	6	2	3	9	3	4	4	0	3	8	2	3	0	4	3	0	0	6	4	2	4	5	2	3	3	0	2	15	4	8
G[C>G]T	8	10	12	12	11	20	5	14	37	6	6	17	17	39	15	34	4	7	40	14	20	20	24	8	8	5	5	8	10	23	46	0	13	2	10	5	24	12	30	8	12	12	14	18	12	55	4	16	45	6	8	14	11	10	26	0	16	53	25	12	56	19	22	27	24	6	14	18	47	0	6	22	5	6	7	16	27	13	16	84	0	10	0	9	7	32	6	6	6	12	16	19	18	14	6	7	2	2	1	0	10	40	22	9	35	8	4	26	10	4	16	10	4	21	14	9	10	4	8	25	18	7	27	0	18	5	23	8	11	17	16	14	14	12	15	14	22	6	17	14	16	19	10	10	34	11	6	16	6	23	30	9	4	9	0	3	0	17	5	46	12	13	2	10	10	10	14	8	10	17	7	7	12	10	5	15	17	30	9	38	8	6	22	7	7	13	12	4	10	4	7	10	20	22	20	9	4	14	1	24	10	1	22	16	3	22	4	4	8	12	8	23	15	10	27	14	12	12	16	20	17	9	8	7	12	9	14	10	10	10	6	17	15	9	12	5	20	26
T[C>G]A	9	7	24	26	12	16	14	22	46	6	4	8	14	51	22	40	8	16	42	18	26	26	34	14	31	15	7	4	23	15	64	17	13	6	30	15	23	21	58	20	23	21	9	17	10	104	17	22	131	24	16	20	18	31	30	24	28	88	35	33	86	6	12	53	24	25	22	20	62	0	22	34	8	8	8	31	29	18	17	96	35	29	68	9	6	22	6	19	3	23	13	19	22	13	21	11	2	4	1	2	16	63	35	9	105	11	3	34	16	12	30	17	6	14	14	17	43	24	5	48	14	10	46	23	12	8	46	19	9	22	17	4	20	13	15	37	25	14	21	13	19	14	10	10	28	9	13	16	13	11	60	8	5	19	1	5	3	22	11	65	19	22	18	10	39	15	18	12	10	9	13	7	10	21	12	20	16	34	18	30	6	12	22	13	26	5	12	10	18	12	10	6	34	20	20	13	16	12	7	26	8	6	11	16	4	21	23	8	16	14	6	34	13	14	22	18	12	20	12	14	22	20	11	7	16	12	28	6	12	12	12	11	18	11	12	19	16	50
T[C>G]C	12	15	24	28	8	20	8	20	51	7	10	8	20	60	14	40	13	24	18	12	23	14	36	12	21	9	4	0	16	14	60	6	5	2	7	12	16	13	59	11	23	32	7	14	18	103	11	15	79	12	14	11	11	24	28	16	22	56	10	21	83	14	28	27	0	5	20	22	86	16	6	32	5	8	20	15	25	23	4	84	23	2	34	15	7	30	24	22	11	23	6	0	12	3	9	11	0	2	0	6	13	48	10	16	35	15	5	37	11	15	18	5	3	26	8	8	28	16	5	41	17	11	24	0	23	11	46	8	8	24	14	13	18	16	18	36	31	14	43	14	23	12	10	8	28	7	14	5	11	17	56	10	4	13	0	6	4	19	4	66	12	22	26	16	10	9	20	18	8	6	11	7	22	15	8	10	15	42	15	24	8	7	14	12	24	10	12	4	24	5	19	7	31	26	14	8	16	12	10	43	6	6	24	8	4	32	18	4	6	17	12	26	16	12	12	9	4	12	9	14	10	26	17	5	10	10	17	12	2	8	8	6	12	13	13	26	18	22
T[C>G]G	2	5	1	7	2	2	0	1	9	1	2	2	1	12	5	10	0	1	21	6	8	0	10	2	2	2	2	0	2	7	4	0	3	12	3	2	6	4	14	4	1	6	11	4	5	22	3	5	20	0	5	4	6	0	4	8	6	4	0	0	8	8	0	0	0	0	4	0	10	0	6	14	0	1	1	5	16	1	0	20	0	0	0	0	3	8	0	0	6	6	2	0	0	2	0	11	0	0	1	0	4	13	0	10	18	2	4	4	0	0	12	2	0	0	2	1	14	0	2	0	8	5	2	8	2	5	13	3	1	7	3	2	3	2	5	10	3	8	9	2	11	8	5	1	5	4	2	18	0	6	16	0	2	6	0	1	0	3	7	20	4	7	6	7	0	4	1	2	4	8	3	1	4	2	5	6	4	16	1	8	2	4	4	1	15	0	2	5	8	0	3	1	5	2	8	4	1	0	4	6	4	2	0	0	2	2	4	2	4	4	3	12	4	2	6	4	6	8	4	6	2	8	0	5	3	2	6	2	0	6	0	0	6	5	4	10	5	8
T[C>G]T	30	15	26	33	26	61	31	52	98	14	17	15	56	104	59	92	17	30	100	45	48	59	74	30	44	29	19	29	54	53	96	41	44	22	73	24	53	40	103	45	41	55	43	35	18	195	71	36	177	35	28	26	38	40	86	46	87	125	51	71	166	30	38	67	33	30	104	47	184	24	32	56	22	7	19	47	78	31	22	153	46	28	169	28	19	69	12	13	6	17	18	0	46	13	15	53	2	6	4	10	46	128	36	36	88	24	19	54	44	27	46	23	18	31	34	33	74	51	10	89	46	21	58	42	54	33	118	30	26	34	31	31	31	35	51	74	45	38	40	34	60	16	47	22	54	32	20	38	27	40	110	21	10	33	3	5	5	44	12	127	44	49	34	31	49	52	36	26	22	38	25	25	34	31	20	36	34	74	58	76	20	12	46	25	50	22	50	30	59	18	33	22	58	42	70	36	24	36	22	50	21	12	37	38	19	48	31	16	26	28	26	66	41	30	53	28	35	32	26	31	30	36	29	25	21	29	32	22	22	28	30	34	38	27	46	60	48	84
A[C>T]A	52	36	74	102	48	56	69	96	138	26	38	58	96	128	77	120	42	79	106	76	85	66	90	80	74	34	45	50	56	78	128	17	87	71	70	68	95	73	162	65	71	79	65	66	52	176	71	81	158	88	52	74	51	45	83	90	87	128	71	96	158	72	71	134	89	60	140	95	130	56	75	81	44	21	40	71	80	78	66	120	58	126	186	81	55	93	49	64	34	46	46	56	62	42	54	63	9	17	11	12	80	135	111	92	176	60	46	67	63	74	108	55	32	72	73	49	114	63	43	108	79	55	114	79	72	61	142	71	75	71	78	72	90	68	57	92	98	74	70	80	82	49	59	52	108	51	52	74	50	86	110	36	31	46	13	23	23	80	75	170	68	67	84	63	75	62	77	73	59	86	62	65	66	64	62	87	92	98	78	106	48	40	95	64	133	58	70	50	102	52	75	58	130	82	110	52	60	70	42	90	62	25	70	58	44	46	64	54	75	86	58	114	77	60	67	58	55	70	60	69	76	101	63	66	70	60	78	56	50	54	52	55	50	66	61	103	76	112
A[C>T]C	28	27	46	48	28	28	37	42	82	13	16	37	44	78	45	70	42	32	54	44	46	55	63	39	46	20	23	32	50	28	64	17	29	20	46	34	53	43	68	30	49	36	34	38	29	99	38	45	91	34	34	33	28	21	43	49	51	111	46	37	68	43	38	40	41	27	52	46	74	24	48	36	21	10	31	45	62	35	43	80	23	25	51	32	28	71	6	26	32	40	24	38	46	27	33	26	9	7	2	12	40	66	50	53	123	32	19	44	33	24	60	45	23	26	42	36	42	12	30	67	44	31	49	43	36	43	56	39	33	38	32	33	52	34	24	44	67	50	68	34	44	29	45	18	41	38	32	43	14	34	65	28	17	27	7	10	7	50	21	98	38	49	49	36	71	27	46	31	25	35	42	25	42	34	26	36	46	64	57	54	24	26	39	34	66	23	45	37	60	33	46	33	70	44	62	34	35	42	15	52	27	26	33	37	24	46	26	38	32	40	32	64	35	32	86	40	36	34	36	42	38	48	38	35	57	21	44	32	21	36	29	40	32	21	40	45	44	57
A[C>T]G	76	53	122	70	55	44	97	164	99	48	44	64	154	98	132	96	72	75	80	150	60	144	70	134	74	59	40	56	110	65	76	47	93	53	90	68	160	75	97	134	87	110	65	116	86	92	186	107	117	110	77	72	104	52	63	160	98	132	96	87	83	139	62	67	138	60	97	163	111	103	70	42	70	45	56	117	76	141	55	68	207	82	34	163	75	81	73	84	50	64	100	38	81	103	64	26	9	30	13	20	157	117	132	88	88	101	48	58	179	102	88	98	51	80	133	81	89	134	64	67	126	90	81	58	116	77	61	99	71	70	131	83	89	160	72	66	128	100	98	113	89	99	169	66	88	110	50	66	81	109	74	85	42	52	24	40	22	116	66	116	138	100	118	140	78	116	64	96	82	88	98	56	78	131	74	89	145	92	157	92	68	64	184	114	76	83	156	83	72	82	137	87	110	170	75	116	60	138	69	70	119	47	61	116	70	59	108	78	74	150	66	112	123	64	84	128	78	86	110	65	164	88	116	60	80	97	60	102	79	62	96	106	80	80	128	106	130	104
A[C>T]T	28	56	34	75	26	44	42	52	94	16	15	33	50	102	44	94	25	34	72	41	54	43	78	43	54	18	21	36	56	56	110	17	36	40	90	44	63	36	113	35	59	60	40	45	28	124	44	74	161	47	40	71	37	40	67	38	86	124	46	42	108	29	32	134	73	65	132	34	109	24	38	60	16	18	31	39	94	51	44	189	35	23	169	47	36	75	36	23	21	64	23	0	72	30	21	48	8	10	4	12	47	108	66	54	123	34	18	65	34	32	92	23	14	50	44	28	49	63	38	80	41	33	89	34	29	27	75	50	32	57	30	36	66	38	50	91	50	58	70	40	72	29	53	30	62	35	30	47	35	52	119	30	17	35	7	10	14	36	41	139	32	40	64	36	75	33	54	44	25	63	39	24	43	32	36	50	47	71	32	72	36	36	54	47	74	23	50	33	56	27	45	32	68	48	57	26	44	34	23	80	32	22	44	34	30	58	43	34	50	44	28	62	60	31	86	39	33	37	32	62	36	58	44	38	56	26	58	39	36	37	28	38	46	31	48	72	46	80
C[C>T]A	28	31	44	50	29	40	41	58	102	11	16	31	54	106	62	78	21	34	86	46	80	69	74	44	56	23	21	58	32	56	76	35	49	22	57	53	73	45	100	41	57	38	52	52	40	184	59	66	167	33	49	51	46	52	67	40	80	114	66	71	94	54	38	147	24	25	89	54	130	64	32	80	30	24	28	59	56	66	60	145	46	44	152	32	30	75	12	20	26	28	26	19	68	30	30	54	3	6	8	18	47	103	72	62	70	21	29	70	54	44	88	42	33	36	52	47	87	63	40	102	46	34	113	40	62	34	91	40	31	58	34	32	64	48	53	53	46	59	59	35	70	47	36	40	80	33	29	45	31	52	97	29	20	25	6	15	14	54	43	124	56	67	107	40	68	51	40	43	30	54	32	39	62	37	34	49	48	86	55	104	20	31	56	47	96	23	44	43	66	36	44	23	97	56	88	41	42	46	35	64	22	18	39	56	30	45	42	31	54	46	34	105	50	48	61	36	29	47	36	53	42	80	42	40	50	34	54	30	44	47	26	35	50	40	40	110	56	92
C[C>T]C	21	41	44	56	19	30	26	60	116	15	15	37	36	107	51	77	13	24	57	40	50	51	67	48	49	36	20	22	48	57	72	17	31	31	75	22	51	43	117	28	42	53	54	43	36	156	53	54	163	31	39	56	32	43	50	65	70	138	41	42	106	54	50	94	33	53	27	27	107	16	11	68	20	14	22	38	67	43	34	128	58	40	169	44	23	87	18	29	14	34	12	38	23	23	36	30	3	8	7	12	42	90	42	50	158	30	28	46	34	49	72	27	20	51	39	36	78	43	43	99	42	42	72	34	31	36	82	29	32	50	34	39	42	28	42	56	41	49	55	28	89	51	47	34	66	25	41	48	24	17	88	21	21	37	7	11	8	36	30	121	51	49	75	34	58	41	44	26	23	48	27	33	38	34	36	62	38	68	40	96	27	18	46	45	69	18	40	35	76	24	39	33	78	42	66	30	32	49	26	66	22	16	22	38	28	38	44	32	42	42	46	91	45	50	61	31	30	44	30	22	40	52	34	31	57	28	40	41	22	35	34	44	50	21	30	72	47	100
C[C>T]G	60	15	34	67	33	30	50	72	63	22	16	44	90	61	47	64	25	37	32	74	52	79	42	76	45	21	26	54	58	45	62	41	43	17	70	53	63	42	60	55	45	52	43	57	46	53	75	49	98	62	31	48	57	45	44	80	55	57	116	42	88	68	68	53	41	29	36	54	50	64	43	26	24	22	24	60	43	44	48	72	92	18	118	70	58	63	43	58	32	86	77	0	46	54	56	26	11	17	6	9	71	55	64	68	0	53	32	18	72	40	56	47	17	25	89	52	74	75	33	41	33	44	27	20	61	41	51	59	40	33	74	50	54	68	39	56	66	76	55	59	51	47	79	33	48	54	29	52	43	52	55	29	20	25	12	24	12	62	62	78	71	58	54	78	68	60	55	66	23	54	57	34	52	68	46	56	63	56	81	53	54	44	88	71	55	51	96	41	55	53	58	44	65	95	75	49	38	66	44	48	54	28	26	60	48	51	61	40	52	89	47	76	67	50	33	48	30	34	53	32	64	78	66	24	46	49	30	68	38	30	46	44	32	53	100	60	75	66
C[C>T]T	32	34	49	86	24	48	62	63	125	16	27	46	60	130	64	117	17	33	84	58	76	59	100	74	80	30	28	29	58	84	133	23	46	25	82	61	62	70	142	50	64	74	40	61	48	219	56	63	202	64	42	67	48	62	65	66	99	101	56	83	147	50	66	107	49	56	112	60	143	48	27	96	33	26	36	46	96	62	38	161	35	37	135	32	62	106	36	23	45	64	60	0	75	33	48	41	3	6	7	14	55	125	70	46	123	33	36	52	64	37	102	35	28	67	53	54	104	75	16	102	35	50	98	18	63	54	105	41	58	66	56	45	70	58	40	78	75	71	59	42	70	27	50	54	100	43	38	48	31	34	71	24	22	34	9	12	21	48	64	157	55	82	116	60	94	44	46	50	36	77	56	34	74	43	44	84	59	74	63	91	19	46	64	61	148	40	54	68	88	40	44	42	132	52	108	47	52	50	48	96	28	41	59	42	46	64	52	52	61	40	52	84	61	66	112	38	36	66	20	46	42	90	42	60	47	31	48	50	35	64	39	75	52	48	60	102	64	130
G[C>T]A	24	22	29	64	27	46	22	46	90	6	21	19	42	102	44	76	25	30	68	42	40	38	57	38	42	15	21	23	22	47	78	12	23	17	56	29	42	24	92	26	21	36	52	31	26	94	35	33	122	40	28	53	30	31	53	38	66	104	56	66	135	66	0	27	106	34	110	45	117	24	27	61	18	11	31	34	59	44	41	136	69	46	51	32	26	83	12	16	11	81	21	0	45	23	24	40	5	9	4	7	33	94	38	20	246	21	32	54	50	26	84	18	10	61	39	22	35	32	20	48	37	8	87	34	38	14	55	29	33	44	40	30	52	40	52	56	36	29	77	39	68	27	43	29	74	31	23	40	31	52	50	11	10	21	7	8	9	44	37	159	40	36	64	32	78	19	66	10	11	46	28	28	38	22	30	39	42	75	30	88	28	18	40	35	62	22	26	26	50	23	31	20	81	46	88	30	32	36	19	66	28	18	50	30	10	57	38	16	45	41	24	70	40	27	78	31	30	38	28	46	37	56	28	20	52	22	60	16	22	51	28	37	42	27	26	74	33	78
G[C>T]C	21	17	42	73	20	32	31	34	84	14	12	23	32	110	38	80	30	16	60	44	52	46	52	39	46	16	9	32	31	47	68	6	26	23	37	27	35	27	78	47	34	43	29	28	28	106	23	35	90	24	30	43	29	43	53	26	37	78	41	29	104	26	28	107	16	8	74	28	68	16	16	48	17	10	26	36	62	42	30	68	69	26	17	32	18	63	18	26	21	34	9	0	38	19	39	52	2	4	3	10	21	66	35	36	70	23	28	38	14	22	56	17	17	29	38	25	46	43	38	89	25	26	84	50	35	25	73	16	36	37	30	26	49	31	30	62	38	40	74	20	61	21	26	21	57	21	18	30	26	52	59	20	11	34	4	6	10	36	25	150	31	31	75	12	58	40	32	30	10	46	16	10	38	20	21	46	28	60	38	75	14	29	46	25	52	25	30	26	64	37	32	19	74	33	59	28	26	27	28	61	29	12	28	22	20	50	30	28	36	26	15	48	31	22	55	32	33	34	24	50	30	46	34	24	41	24	38	22	23	33	16	33	30	31	33	51	43	82
G[C>T]G	64	22	60	32	43	22	53	107	80	18	22	87	87	60	88	64	30	26	54	80	56	74	40	72	42	48	20	40	69	35	36	29	57	26	34	42	88	36	52	59	56	60	47	56	40	50	135	57	81	31	37	39	60	24	52	40	60	64	56	79	53	46	39	53	89	35	30	85	50	56	75	51	38	18	26	75	54	77	32	52	127	18	101	51	46	28	6	75	18	40	54	75	27	59	28	67	2	16	13	3	77	75	78	32	18	31	27	38	92	66	70	33	30	18	87	41	54	87	68	54	25	33	41	62	63	30	57	89	41	40	76	64	56	86	56	63	79	66	49	63	54	74	100	42	44	58	38	30	41	57	24	39	24	36	15	29	17	64	48	48	100	42	77	78	62	70	47	77	34	43	57	29	48	74	29	45	109	52	98	64	38	34	102	70	50	49	92	53	63	42	62	29	82	85	49	60	36	116	41	46	88	32	28	74	16	32	89	41	42	98	46	64	79	51	41	66	35	52	62	54	86	59	82	46	59	64	36	72	24	34	56	48	41	31	82	55	90	62
G[C>T]T	24	27	27	48	20	40	25	42	93	10	16	15	34	74	35	54	38	29	55	24	66	30	56	31	60	22	26	22	18	53	68	23	14	33	62	32	44	52	97	35	42	58	18	42	40	104	42	51	113	48	30	40	22	31	47	47	59	100	71	21	83	36	22	80	33	13	52	26	90	8	27	84	10	11	30	41	105	36	43	104	46	58	51	30	21	57	12	30	29	34	20	19	38	17	21	34	5	4	5	16	34	91	52	44	105	28	28	45	18	34	50	19	21	32	29	26	50	32	22	76	36	31	73	28	27	26	100	24	38	36	41	25	56	29	39	51	50	33	62	28	54	25	31	20	58	26	19	59	16	11	72	17	13	28	9	7	15	36	37	128	23	64	50	30	29	26	32	35	22	23	33	29	39	28	33	56	39	62	33	90	12	22	46	36	53	20	30	19	50	23	37	30	57	34	68	24	26	38	36	46	20	26	46	24	27	44	29	32	56	48	22	61	37	38	61	32	39	34	36	36	26	64	25	29	52	30	54	28	24	30	25	27	41	27	30	44	24	99
T[C>T]A	27	48	49	77	33	56	34	66	152	14	14	23	51	144	46	106	34	35	116	44	40	53	96	38	59	25	30	40	44	62	107	47	39	25	83	41	48	41	146	35	55	88	50	45	23	252	66	62	201	38	48	48	44	59	67	40	94	181	71	79	252	62	55	120	41	55	120	46	167	16	32	116	18	12	34	49	80	46	38	193	46	60	135	28	29	87	24	30	38	76	20	38	78	42	24	55	3	4	3	10	57	139	47	54	158	19	34	90	43	41	97	40	20	90	44	44	80	32	18	105	32	32	86	48	52	35	116	37	39	64	40	36	60	38	48	76	37	47	76	26	107	47	33	38	88	32	25	54	44	23	168	19	13	38	12	9	11	36	37	144	46	62	62	34	75	39	44	34	18	38	30	30	58	30	24	46	31	98	42	112	23	32	49	47	94	37	36	33	62	35	38	25	86	48	75	38	40	43	31	81	28	14	39	39	19	56	34	30	51	40	30	111	44	32	69	30	27	48	32	36	46	54	24	29	56	30	50	40	29	49	30	31	35	23	30	94	43	122
T[C>T]C	34	34	34	58	27	61	41	44	110	22	16	31	58	114	51	81	25	37	94	41	56	66	68	38	62	21	22	25	38	54	82	29	52	23	65	25	69	46	128	46	43	61	27	33	36	180	58	46	154	43	48	48	42	43	67	40	68	116	15	91	138	70	28	147	24	48	76	50	134	40	27	76	23	16	32	41	83	51	36	120	23	67	68	36	29	71	18	50	46	52	28	0	41	17	27	45	5	5	3	8	46	89	46	41	88	39	24	64	33	23	73	28	36	46	44	33	97	67	23	92	40	37	89	43	40	32	94	41	37	61	36	34	64	50	50	78	41	39	55	38	67	39	45	20	82	34	28	42	43	69	92	31	11	31	6	12	21	46	57	117	53	51	54	40	49	42	49	42	33	49	36	35	44	32	33	44	51	88	45	86	24	21	54	34	72	36	39	39	70	31	38	20	72	50	82	36	40	36	38	64	26	22	31	44	22	55	28	21	50	39	27	75	38	40	67	31	27	36	34	41	35	68	48	33	49	34	40	28	29	26	43	33	46	31	36	67	56	90
T[C>T]G	34	12	40	35	22	14	33	71	43	13	20	21	52	42	49	44	17	28	3	34	46	50	44	41	42	21	18	4	50	29	24	29	24	23	21	29	63	32	28	46	39	31	32	47	31	50	77	38	72	48	28	25	39	29	30	46	42	84	35	21	26	33	16	53	81	34	26	45	54	79	28	24	22	11	15	63	43	43	12	36	58	39	34	36	28	47	12	52	12	6	36	19	57	20	24	30	8	13	12	8	51	56	82	38	0	34	15	35	56	57	56	38	20	22	40	30	32	75	24	45	42	36	16	31	47	22	38	33	27	27	46	39	34	68	39	34	55	32	43	58	26	19	52	11	40	36	23	26	35	34	34	26	16	23	13	22	10	38	29	33	48	24	82	64	36	44	15	46	33	52	41	37	23	50	46	31	66	36	53	55	44	31	81	26	60	36	50	41	30	46	50	23	48	72	42	34	24	68	13	54	44	22	26	55	30	33	64	24	50	60	34	43	57	28	33	54	36	27	46	11	52	40	57	36	47	52	22	23	25	31	35	27	20	31	53	48	67	49
T[C>T]T	24	51	26	60	21	42	37	45	118	10	14	17	40	114	46	88	30	28	86	35	78	45	96	40	68	21	19	36	36	71	110	17	36	26	75	36	50	51	120	37	52	66	25	43	32	182	49	45	177	32	42	53	37	48	65	27	90	128	41	50	146	38	61	53	24	26	91	34	127	40	50	90	27	10	26	44	91	44	59	140	81	78	118	28	31	71	18	26	31	52	30	38	82	18	21	33	5	5	8	13	42	115	54	38	141	26	20	46	28	20	76	24	32	77	36	33	64	43	30	102	34	31	82	50	34	41	96	28	35	46	36	44	65	40	46	82	52	60	72	36	82	37	45	28	73	39	25	40	16	34	89	18	13	34	4	9	17	41	39	125	38	51	66	28	49	42	52	32	27	49	28	28	49	28	23	50	40	80	44	110	16	38	57	54	95	29	35	23	70	35	34	30	90	37	90	29	54	34	26	86	23	21	20	33	30	62	31	20	46	35	36	86	38	38	61	26	25	47	20	39	33	62	35	27	64	28	64	33	29	38	29	38	35	21	36	68	35	130
A[T>A]A	12	10	28	52	15	34	26	34	80	6	6	27	30	64	28	46	8	12	58	37	41	28	36	35	36	16	11	18	25	33	132	29	24	19	215	122	160	119	1412	28	28	53	90	128	53	901	163	98	2626	16	21	39	24	40	51	22	20	74	46	50	126	19	16	67	16	21	80	15	98	0	6	62	13	10	17	32	194	28	10	213	35	52	321	19	18	53	24	26	7	12	17	19	34	9	12	26	3	4	5	4	18	51	47	15	88	18	10	76	30	16	55	23	13	14	158	281	867	36	6	32	17	23	117	126	53	68	634	10	14	22	18	13	36	22	25	40	29	29	36	21	47	10	22	18	42	22	15	31	23	23	93	13	8	22	6	4	11	28	12	77	28	36	32	16	19	16	48	20	18	18	21	13	36	19	16	24	20	40	24	52	10	12	28	23	40	12	22	23	43	13	18	15	34	24	57	19	20	18	12	34	18	18	31	24	14	36	23	20	28	25	22	34	19	25	37	16	17	18	14	26	22	40	17	18	28	21	28	22	16	16	18	17	20	15	21	51	26	52
A[T>A]C	14	10	16	12	6	17	12	30	32	4	4	8	16	38	14	22	13	7	30	18	16	24	16	20	18	14	8	14	18	21	28	6	24	20	57	32	44	26	201	18	22	22	27	35	20	148	37	33	357	22	12	14	13	7	20	4	40	35	15	0	53	24	6	40	8	21	16	13	38	32	27	25	4	8	7	11	37	18	12	48	23	18	118	17	11	30	30	10	15	6	20	0	7	10	9	11	0	4	2	1	18	41	25	3	35	9	12	23	11	19	21	14	9	21	33	56	89	32	15	29	5	14	22	18	18	20	112	15	14	10	12	11	20	12	18	22	14	10	17	16	16	12	12	20	19	9	8	7	14	0	37	9	4	8	1	4	7	16	11	37	16	16	18	13	16	14	14	13	12	8	13	10	14	10	11	8	23	14	24	27	8	10	23	10	20	13	13	16	23	11	16	19	27	18	21	14	14	18	16	20	10	10	9	18	8	14	9	12	16	12	18	15	25	10	16	11	9	14	12	15	19	18	19	11	24	9	16	16	5	12	20	11	10	4	18	21	12	30
A[T>A]G	18	15	16	26	19	24	31	39	60	4	14	21	36	48	29	50	38	24	48	41	30	22	44	38	36	16	17	12	16	40	114	47	55	42	149	155	195	140	890	27	35	43	101	165	78	633	232	123	1762	30	30	28	26	10	35	34	35	58	66	37	81	32	79	67	24	51	44	28	74	8	32	37	12	12	18	32	132	47	25	157	23	50	253	17	24	65	18	26	12	41	25	0	29	17	25	30	2	3	3	4	20	46	67	48	53	6	18	62	28	21	70	22	22	37	198	336	717	28	18	41	21	37	61	178	45	68	408	16	22	22	19	20	30	24	27	30	26	28	26	24	28	16	22	34	36	17	16	22	14	29	92	17	7	20	4	3	3	23	37	50	27	20	28	33	39	30	12	20	5	17	23	24	20	31	16	22	30	34	32	36	15	20	41	18	36	11	29	18	34	16	22	22	28	32	38	28	23	29	19	16	12	13	20	18	10	22	23	24	23	21	34	36	38	24	22	24	12	26	17	26	31	18	26	29	22	24	34	28	17	10	18	28	14	19	28	27	32	32
A[T>A]T	14	27	14	52	13	38	16	25	70	8	10	6	26	89	27	44	0	16	56	20	30	23	53	40	32	10	19	32	16	15	100	12	42	9	82	48	64	45	372	29	30	27	41	57	34	298	68	35	624	33	20	40	21	14	51	8	36	99	25	29	118	44	12	40	16	16	80	12	79	8	6	58	12	8	18	27	96	23	12	128	12	12	84	13	16	75	18	13	5	35	16	19	47	7	21	19	3	4	3	4	18	59	24	28	53	19	14	48	24	12	56	21	16	44	61	88	260	32	10	29	14	17	47	28	31	25	178	27	14	27	24	19	46	22	21	42	36	32	43	22	47	8	22	18	52	26	16	37	18	34	53	15	10	16	1	9	2	23	25	80	20	18	62	16	52	20	26	18	10	23	21	12	38	14	16	31	25	43	20	61	16	16	26	10	46	16	21	16	46	14	28	13	30	22	44	18	48	15	17	44	19	10	28	16	9	22	29	18	28	28	16	29	27	24	59	16	12	28	9	34	35	48	21	11	41	14	36	11	11	24	19	25	26	12	14	54	27	88
C[T>A]A	6	12	14	38	6	22	3	12	50	2	13	6	18	57	12	37	4	6	21	21	29	13	22	26	24	8	8	21	28	21	124	23	59	12	253	183	262	188	1914	21	25	75	88	244	69	1250	262	130	3744	12	10	21	13	21	25	22	18	94	25	25	54	6	22	67	0	3	30	9	72	0	0	34	6	2	12	45	237	13	25	253	46	14	338	13	12	87	18	6	2	12	5	19	22	6	12	7	0	2	0	4	13	38	18	12	88	20	15	126	11	8	52	10	6	18	253	539	1374	24	12	32	18	9	75	306	59	83	895	11	13	23	10	10	26	8	12	30	21	26	26	14	32	18	10	7	40	10	9	24	3	6	60	7	6	6	3	4	3	13	4	69	12	18	30	1	52	11	44	8	15	31	11	10	40	14	8	20	8	40	15	40	8	12	14	9	56	7	10	12	36	7	8	4	38	17	43	11	38	12	3	24	6	4	20	8	3	20	13	10	30	16	7	28	14	24	29	8	12	20	6	34	9	28	8	5	20	2	16	9	5	30	8	14	14	8	12	37	14	57
C[T>A]C	14	7	8	48	7	23	12	10	52	4	9	15	16	64	18	26	8	8	38	16	22	14	46	20	26	9	9	4	22	26	46	23	19	9	108	63	108	70	724	12	23	41	34	93	28	528	111	59	1285	12	18	31	10	12	29	20	19	67	15	25	90	34	16	27	0	20	58	13	47	16	0	42	6	6	9	26	92	12	16	157	12	5	118	13	8	49	18	19	10	17	10	38	36	2	27	19	2	2	2	3	10	50	3	15	88	9	10	56	31	16	30	8	6	40	115	201	471	12	6	51	11	6	32	127	28	36	356	12	13	27	7	12	32	10	15	38	16	18	49	15	40	6	17	5	34	8	11	32	11	0	70	8	4	9	0	5	2	13	27	62	10	20	54	10	42	12	30	10	10	29	13	4	32	8	8	32	14	56	14	64	6	12	22	19	51	12	18	5	46	4	18	7	64	14	69	6	28	11	16	27	6	8	22	6	10	40	20	9	23	18	7	69	8	10	51	11	4	22	7	24	13	46	18	7	32	7	14	14	19	22	12	18	22	7	18	69	13	48
C[T>A]G	17	22	10	42	16	22	11	31	72	4	17	17	28	62	30	46	21	17	30	24	16	32	54	34	32	13	9	4	36	52	168	47	101	37	270	243	372	235	2054	18	46	75	128	358	108	1211	415	198	3654	30	31	41	22	24	55	20	30	64	56	33	71	11	16	120	0	22	57	27	59	56	22	19	14	10	14	44	245	46	27	201	115	34	405	17	17	102	18	13	6	40	9	0	52	20	3	40	2	2	2	5	13	52	28	12	53	13	12	120	20	30	70	32	17	48	404	723	1343	47	10	57	39	33	96	310	64	116	862	17	23	23	14	20	38	20	16	44	30	38	59	8	33	14	16	16	31	19	12	29	20	17	40	6	8	15	1	4	12	18	14	114	24	29	52	13	42	7	32	10	7	35	13	16	50	18	18	56	17	49	20	55	8	38	18	13	44	25	22	29	43	19	12	28	44	19	52	27	40	12	20	56	10	10	28	12	14	36	18	14	32	22	16	44	15	22	67	18	14	27	13	34	18	40	14	16	42	18	30	16	17	24	18	10	36	17	16	50	27	61
C[T>A]T	16	27	34	43	11	28	12	24	64	4	12	19	28	84	23	58	4	7	38	20	33	21	48	40	31	14	10	16	26	32	92	41	61	20	110	85	153	87	778	24	24	56	76	131	28	520	144	86	1452	33	16	35	23	14	33	40	43	77	30	25	84	47	22	53	57	8	32	24	72	0	6	56	14	10	16	45	99	39	10	128	69	15	135	19	9	67	18	10	12	6	14	0	66	6	21	30	2	4	3	6	19	40	39	20	35	21	15	64	22	18	60	22	9	46	151	217	482	40	12	41	15	19	58	78	43	39	349	15	14	28	20	18	36	18	25	40	43	30	51	25	46	8	26	16	48	17	12	22	11	6	34	16	6	22	4	6	2	24	21	74	24	18	40	13	42	20	33	18	16	30	14	21	36	19	21	32	22	42	22	42	13	14	34	13	62	10	20	16	40	11	12	9	42	32	54	20	20	24	15	28	24	11	15	17	6	34	24	12	30	25	13	58	30	16	35	16	17	22	16	38	30	53	25	11	23	14	34	14	18	33	18	14	28	23	14	50	21	64
G[T>A]A	8	10	2	26	9	12	12	13	28	2	5	15	19	41	8	14	13	14	18	14	18	11	30	18	16	13	9	8	17	17	54	17	29	11	134	122	137	87	992	15	12	52	50	97	29	568	152	70	1724	8	9	10	12	19	26	9	14	44	25	12	36	12	16	53	0	5	42	2	42	0	27	14	10	4	7	18	88	8	17	108	58	6	152	11	9	41	0	6	8	23	6	0	18	11	0	4	0	2	0	1	10	37	27	24	70	14	11	59	8	11	38	9	10	18	135	247	565	12	8	32	7	7	75	116	26	40	403	9	9	5	10	10	12	8	15	18	15	18	17	7	30	14	9	5	17	10	7	18	7	46	22	4	9	12	1	4	2	14	4	39	16	9	10	8	19	9	16	4	4	9	8	7	12	8	2	18	9	21	9	20	8	12	12	6	24	7	10	11	10	6	8	10	12	13	20	10	11	10	7	9	6	5	11	6	3	5	12	4	10	12	5	22	7	11	14	5	3	8	6	10	16	12	12	15	13	8	18	9	7	19	5	3	8	3	6	18	17	20
G[T>A]C	6	7	12	12	6	8	12	10	20	1	6	6	12	28	8	20	0	4	18	16	10	10	18	12	13	8	3	8	11	12	64	6	10	8	30	14	23	21	148	12	10	27	13	22	11	108	31	11	275	20	5	9	10	12	14	8	12	35	30	8	40	14	10	40	16	2	7	11	30	8	10	12	4	4	5	13	14	12	2	48	12	22	68	2	7	14	6	13	1	12	2	0	7	7	3	7	3	1	1	3	9	30	0	3	18	6	4	21	10	2	16	7	2	8	29	55	81	16	8	13	3	10	17	28	10	10	71	8	9	9	11	5	13	6	6	20	6	12	6	7	14	6	9	7	12	9	9	16	7	11	37	5	3	8	3	2	0	9	9	32	10	18	15	12	23	11	12	5	11	2	10	5	18	14	9	6	8	14	9	32	2	2	10	7	6	7	10	12	8	5	4	6	20	12	26	6	2	16	9	14	2	6	4	4	3	14	10	6	4	6	4	14	12	12	10	9	6	8	5	4	8	10	6	2	5	7	7	6	2	10	7	6	10	4	6	16	12	16
G[T>A]G	8	10	1	12	5	8	5	17	33	4	8	6	24	32	28	24	0	2	18	18	16	22	18	31	19	9	16	14	26	30	56	29	29	14	54	53	107	70	370	19	23	29	38	86	26	288	100	47	621	12	21	18	16	10	24	4	29	45	10	37	42	19	18	13	0	11	26	24	49	0	27	20	10	5	6	25	68	23	17	40	35	2	68	11	15	24	0	13	9	12	9	0	9	6	9	15	2	2	1	0	16	29	30	34	53	16	6	37	14	21	25	25	12	21	113	183	250	32	20	19	10	17	28	78	25	47	194	6	13	14	8	10	12	12	13	22	14	14	21	18	19	16	16	18	24	11	9	6	13	23	43	10	6	12	1	4	1	15	21	53	20	22	26	6	19	10	14	18	18	10	16	10	16	16	17	18	6	23	16	33	10	4	12	18	22	7	16	14	24	12	14	9	32	12	18	14	6	14	12	24	8	12	15	10	8	16	14	16	13	19	24	36	25	18	25	12	12	13	13	14	14	24	21	16	13	8	17	14	15	12	6	14	19	11	10	26	20	22
G[T>A]T	10	7	8	7	10	18	11	24	39	6	6	19	20	39	26	22	8	14	36	20	13	24	32	20	13	7	14	8	32	18	64	12	13	11	45	34	50	33	151	21	13	21	23	31	20	112	61	40	251	14	16	14	16	7	27	26	21	38	30	17	56	32	12	67	8	3	19	21	45	24	10	26	6	6	12	16	41	20	15	56	23	24	17	15	7	35	6	6	9	6	2	0	12	9	12	18	0	3	3	0	10	23	24	12	35	12	4	28	10	9	30	16	7	40	39	57	92	36	16	10	8	19	17	46	29	18	85	10	6	10	10	10	21	17	15	28	35	33	21	18	19	6	16	10	18	15	15	16	11	46	41	6	6	8	1	6	5	16	14	40	18	18	10	6	23	18	14	8	10	4	12	5	9	20	12	8	18	25	24	51	9	2	22	13	28	4	16	14	16	8	15	16	16	22	20	15	1	15	19	24	12	6	7	14	6	12	14	10	16	18	10	22	27	20	16	20	6	10	10	14	20	16	19	11	16	18	16	20	7	16	10	7	5	7	20	21	16	42
T[T>A]A	10	10	9	77	8	21	12	15	64	5	13	15	20	70	15	44	0	14	62	18	32	14	41	35	37	11	11	8	30	45	84	47	39	34	215	160	200	150	1814	19	34	60	114	147	58	1198	199	109	3077	25	19	44	21	21	51	16	49	92	20	21	102	14	6	40	24	13	74	11	79	16	38	42	6	5	14	30	177	27	17	289	23	12	338	9	15	102	6	10	12	29	14	38	26	13	3	36	2	2	2	5	17	56	16	21	88	11	10	90	12	8	58	17	8	14	170	403	1192	40	10	41	25	14	78	202	44	64	810	11	16	25	9	16	22	11	22	51	23	20	40	11	56	8	16	16	38	16	12	44	11	23	85	7	5	18	1	5	7	18	18	68	22	18	30	7	42	13	24	8	12	44	10	6	33	12	21	34	14	42	22	55	5	15	20	10	58	14	14	14	34	14	14	6	32	24	36	17	17	8	17	37	7	2	26	9	12	24	14	10	30	11	16	44	16	12	41	7	9	14	9	34	22	44	21	15	36	10	30	14	17	24	14	17	24	7	9	36	23	60
T[T>A]C	6	15	6	16	7	31	8	12	60	2	8	15	12	66	14	38	4	12	50	14	28	12	31	12	26	7	7	26	13	20	90	12	11	22	72	37	65	43	382	5	24	28	23	47	28	310	50	48	669	16	10	25	9	17	32	12	45	62	20	37	84	25	22	67	24	16	59	12	76	24	16	30	6	4	11	10	70	16	17	104	35	24	152	11	9	37	18	6	7	23	5	0	34	3	6	34	0	3	2	3	17	58	10	6	105	8	13	40	6	8	32	3	5	22	69	104	203	24	8	51	8	11	60	60	12	16	202	8	9	25	16	12	28	8	15	30	14	19	38	10	47	10	14	6	27	7	14	17	10	23	74	7	4	22	9	3	9	12	7	94	17	7	24	7	19	8	16	2	4	28	8	6	24	7	10	20	19	38	7	61	4	5	14	10	48	11	11	5	34	7	8	13	80	14	58	8	18	4	12	58	13	6	22	10	6	26	12	8	20	10	12	63	8	16	27	6	12	20	6	12	9	33	11	7	34	8	16	8	8	16	9	11	14	8	7	53	12	61
T[T>A]G	10	12	10	50	10	21	9	24	58	4	12	21	18	48	21	58	13	9	18	18	20	17	46	27	19	14	14	11	12	26	98	29	29	17	160	158	179	147	1126	23	26	44	65	175	66	793	192	104	2068	8	26	24	16	26	40	28	30	84	10	8	63	16	28	27	16	19	59	17	50	0	32	40	6	3	16	35	166	30	17	136	115	8	270	9	14	69	0	4	14	28	2	0	20	3	12	15	0	1	2	4	14	55	26	24	53	5	8	72	19	22	54	12	10	28	181	401	796	20	13	38	8	26	64	182	39	94	486	12	17	21	10	16	18	13	24	45	24	20	23	6	40	14	9	14	16	8	11	13	10	34	21	5	6	16	1	4	5	16	21	78	17	36	26	6	36	12	30	7	7	14	14	12	18	17	16	31	12	30	10	55	6	6	15	18	40	11	19	16	22	10	12	20	34	16	36	10	24	9	13	26	6	10	18	3	8	32	14	10	30	15	10	26	18	16	33	10	13	13	6	9	12	26	7	16	12	8	8	14	8	17	5	20	17	7	10	26	18	44
T[T>A]T	19	31	29	58	21	54	19	38	100	7	10	27	34	141	34	84	13	24	98	36	42	38	54	46	50	23	21	50	35	54	88	12	33	11	168	83	113	72	633	38	59	53	52	96	44	626	81	67	1278	30	31	40	31	48	73	40	74	200	30	75	189	40	34	160	41	52	110	19	156	24	42	84	16	8	22	40	96	40	53	229	69	24	304	27	18	83	12	16	10	12	22	0	58	9	18	21	2	4	1	11	29	120	59	44	246	39	18	124	26	24	65	25	17	76	96	178	447	43	25	96	25	19	94	102	41	42	304	18	24	30	30	19	28	25	44	78	73	49	57	20	79	16	28	12	64	28	17	38	23	40	119	23	14	30	4	6	10	36	27	122	31	20	43	20	45	28	52	22	19	34	21	12	53	30	26	28	26	80	26	84	14	18	32	19	69	13	28	23	62	11	26	26	63	32	64	22	26	23	15	59	16	16	35	22	19	48	26	16	28	36	14	68	42	28	55	26	23	32	16	23	28	54	25	9	46	20	57	24	23	26	25	33	28	23	25	68	26	105
A[T>C]A	44	63	82	134	44	65	61	68	152	28	28	75	89	134	72	112	46	59	114	80	79	83	136	96	86	45	50	49	72	91	232	105	78	59	215	180	196	190	750	68	95	80	115	207	124	732	231	141	1338	56	73	93	69	69	91	75	100	143	66	112	185	64	94	187	33	65	106	66	141	56	60	113	31	18	46	99	164	73	73	237	81	87	456	49	59	120	36	42	36	76	54	56	68	43	49	37	0	8	9	10	58	130	105	74	158	48	44	122	62	66	105	67	49	59	181	369	642	99	60	89	80	56	126	198	121	171	581	62	68	76	55	79	85	56	76	87	83	72	110	47	109	41	69	80	92	56	49	42	35	86	167	35	36	34	10	16	34	83	96	274	79	124	212	38	149	72	82	56	59	117	48	68	92	45	64	84	57	198	68	278	39	40	81	82	182	61	86	98	185	51	74	52	305	85	295	66	66	65	77	160	46	63	68	50	46	55	84	72	94	82	94	224	91	130	139	54	48	82	39	66	80	142	68	60	93	45	65	66	56	60	52	65	66	54	60	260	84	244
A[T>C]C	14	12	24	34	14	28	14	23	46	7	13	10	26	48	23	32	21	16	62	23	23	24	52	26	20	8	11	32	15	27	46	12	21	17	45	19	23	31	27	20	20	20	27	29	22	63	26	28	53	8	16	26	17	10	41	16	29	66	41	42	64	27	16	40	57	29	52	19	44	8	16	20	12	4	16	22	35	24	28	68	12	28	68	13	17	51	0	10	10	46	8	0	9	7	15	26	0	3	3	0	23	53	28	8	88	7	13	30	17	24	42	19	18	21	19	36	41	16	10	35	15	12	33	14	22	28	43	15	21	29	20	19	26	23	21	32	20	17	42	8	35	16	14	14	38	11	15	24	13	34	62	13	15	19	6	4	6	24	18	138	25	29	98	24	68	8	30	13	14	70	16	15	40	18	14	40	20	82	16	144	18	8	28	13	78	19	25	20	81	16	24	30	185	24	155	12	23	20	13	71	14	8	22	14	18	22	16	18	32	29	19	108	29	20	63	22	10	30	12	33	30	66	21	15	44	10	24	15	17	18	19	16	18	20	34	168	32	90
A[T>C]G	38	34	38	110	31	66	41	60	107	17	27	66	89	156	76	162	17	28	76	78	88	44	110	90	90	37	46	39	45	111	133	29	60	36	96	75	92	124	223	54	74	71	87	121	90	294	111	116	401	56	82	86	42	43	73	46	54	106	101	133	180	95	62	160	41	60	94	59	120	64	53	95	24	26	30	57	108	55	68	145	46	82	101	36	61	95	24	20	51	76	36	38	82	29	64	47	2	4	7	9	60	105	76	78	193	34	42	82	52	60	128	40	51	73	99	209	208	63	61	80	46	82	99	106	90	148	210	31	53	63	44	78	82	44	69	80	59	69	110	48	89	47	50	54	79	31	45	50	51	57	120	39	38	38	9	13	24	54	78	216	65	104	156	40	120	58	80	41	43	113	44	47	95	44	66	86	50	132	60	214	32	30	52	60	142	46	58	86	138	49	52	58	220	72	218	50	69	50	63	130	32	42	55	38	72	78	56	73	78	58	98	164	50	79	118	42	53	80	34	64	56	132	61	60	91	33	58	42	50	47	46	71	45	46	47	212	54	165
A[T>C]T	41	48	36	92	34	56	33	68	118	17	22	62	75	115	68	82	25	27	93	56	82	68	88	81	72	43	34	42	61	68	118	17	72	54	86	63	72	76	132	56	63	58	85	85	84	204	69	70	195	42	61	74	54	71	78	69	85	107	106	83	144	70	44	67	81	46	80	56	144	87	43	51	30	24	38	75	75	69	81	140	23	68	118	45	51	97	24	28	40	82	28	56	63	36	58	48	6	9	6	12	72	140	56	66	176	28	36	50	44	50	73	40	66	88	62	81	116	51	60	51	52	48	87	71	62	83	135	52	52	64	54	61	66	60	55	72	70	71	76	52	98	45	66	54	85	32	74	66	37	63	122	29	32	28	9	17	18	71	82	179	61	84	162	54	91	50	44	61	48	58	55	62	65	58	54	77	54	136	68	210	44	30	82	67	133	47	83	65	122	42	72	62	188	80	179	44	62	58	64	104	37	42	48	66	51	86	87	70	58	64	79	146	77	112	84	46	52	54	36	55	80	108	64	46	86	40	56	55	38	63	62	74	70	58	72	174	80	106
C[T>C]A	12	19	20	66	9	42	11	20	80	6	10	8	22	78	22	53	21	20	48	23	55	19	67	31	38	17	18	18	25	34	101	0	27	17	68	34	53	49	202	22	28	37	40	50	30	202	57	54	306	20	30	51	20	19	45	12	33	74	35	33	108	40	16	80	8	21	84	17	93	8	16	68	10	10	18	29	73	19	24	108	23	54	84	13	10	57	6	20	18	35	13	0	34	10	18	32	6	4	3	2	15	82	26	21	105	14	12	38	18	26	44	17	17	21	41	101	151	16	16	73	22	13	81	54	31	43	157	15	19	38	22	27	44	15	28	42	21	18	72	26	75	14	22	20	44	14	10	54	13	46	101	14	14	28	1	3	11	23	32	116	26	31	64	20	68	12	34	14	21	50	10	19	61	18	18	42	18	80	16	98	8	26	20	35	80	19	20	19	57	14	22	23	100	28	110	16	29	14	16	40	10	12	42	10	14	44	20	10	46	20	26	92	19	24	59	18	13	32	14	39	18	80	22	13	47	9	46	18	12	40	8	20	34	16	20	95	27	112
C[T>C]C	15	22	12	53	12	22	16	16	61	4	8	10	28	58	22	68	0	7	44	24	29	14	41	20	26	6	10	21	25	22	62	12	28	17	28	12	26	26	54	17	31	29	20	24	17	89	41	25	84	26	16	34	23	26	42	16	39	72	25	33	64	26	50	67	33	16	30	19	59	40	6	42	10	9	16	24	37	31	14	52	46	24	51	13	10	61	6	16	14	29	28	0	29	0	18	22	0	4	4	4	18	61	18	14	53	10	10	32	14	20	32	10	7	40	18	29	39	20	14	25	26	16	45	14	14	12	59	23	18	25	12	19	26	21	24	48	25	22	59	8	40	10	16	7	30	8	16	38	11	17	58	6	11	20	0	4	6	20	32	133	19	27	92	14	68	12	42	15	18	62	12	17	36	20	20	44	20	78	19	106	8	20	22	29	81	13	19	22	63	13	21	23	174	23	152	14	20	18	9	72	6	8	24	17	14	43	22	13	32	20	16	113	16	16	53	16	13	26	9	14	22	76	16	13	56	13	22	14	23	24	13	18	26	16	24	145	28	94
C[T>C]G	8	17	14	64	14	34	23	31	72	9	14	29	38	76	28	82	21	16	68	28	46	32	83	26	50	9	14	11	20	28	54	47	16	12	49	25	33	30	95	30	39	54	22	45	30	149	31	37	148	30	27	53	17	36	61	29	36	68	51	54	105	6	38	80	8	24	62	20	97	16	28	48	12	14	23	28	65	28	30	108	0	27	169	19	18	73	12	13	12	64	18	0	48	12	44	26	2	1	3	1	18	83	28	35	88	10	10	43	24	26	52	25	17	42	28	53	59	8	14	61	15	30	29	26	32	50	80	8	23	38	21	27	44	16	32	61	21	36	55	10	49	6	21	22	50	12	25	42	14	52	50	12	9	31	1	7	8	22	29	114	27	33	71	22	68	12	18	13	18	48	12	31	62	22	16	54	30	59	27	66	8	22	24	23	76	20	22	20	72	16	20	26	86	22	92	16	33	13	16	52	11	13	18	14	12	30	28	29	60	23	22	70	32	34	59	16	30	32	11	40	24	62	22	18	42	13	42	26	28	37	18	23	35	17	20	80	24	104
C[T>C]T	14	31	14	70	17	26	11	25	70	6	11	17	22	73	28	64	8	12	44	26	55	28	70	32	30	25	10	14	19	32	41	12	25	25	53	19	21	22	90	24	28	32	16	33	16	138	39	32	108	22	22	22	22	38	45	12	38	84	35	46	116	19	22	53	16	19	38	28	93	24	6	52	4	6	19	27	56	20	35	92	12	38	152	4	12	47	0	13	13	23	10	0	52	16	27	21	2	3	4	7	22	71	39	28	35	12	10	32	31	18	82	16	15	22	23	27	49	20	15	61	12	19	49	34	23	37	69	16	20	29	16	22	42	19	17	55	23	32	38	22	42	16	14	13	46	18	19	25	16	17	70	8	8	21	3	6	10	28	43	111	30	33	92	19	78	16	54	28	26	49	23	7	44	22	31	50	22	82	23	134	10	26	23	25	99	24	35	20	65	19	34	23	147	40	136	16	26	20	23	90	14	18	50	20	14	35	44	35	44	29	26	102	29	40	43	22	14	27	10	46	44	66	17	18	50	20	26	22	18	35	14	33	28	19	32	129	33	80
G[T>C]A	10	15	4	30	9	18	14	14	42	1	4	21	25	41	16	26	0	10	24	27	18	16	30	20	14	11	10	18	16	26	50	0	17	14	24	14	17	21	43	15	11	32	9	29	19	64	17	14	70	17	15	20	13	12	27	12	20	44	35	33	28	9	22	53	8	15	47	15	45	8	11	20	5	5	6	12	18	16	13	64	0	8	0	11	9	24	18	4	5	12	12	56	26	9	9	7	0	1	1	4	14	32	16	18	35	5	8	10	12	13	26	4	3	19	18	18	28	4	10	19	15	8	24	28	21	22	50	13	13	18	12	9	18	10	21	22	15	12	25	14	26	10	12	25	20	9	9	20	13	6	36	9	10	13	4	5	6	21	20	89	19	22	45	12	39	18	18	12	11	48	6	8	24	8	12	18	11	50	14	117	2	18	18	7	72	12	22	19	60	11	14	16	122	18	92	10	18	9	16	61	15	8	22	9	10	15	10	9	12	12	14	70	22	20	33	11	7	25	8	16	14	42	17	9	41	10	12	12	11	16	12	13	19	7	14	106	18	68
G[T>C]C	13	10	9	14	6	8	2	22	30	5	6	10	32	29	23	20	13	8	21	24	20	18	20	29	20	11	10	8	14	26	46	12	20	6	21	10	22	17	40	19	16	23	9	13	12	38	21	21	46	8	7	15	16	10	23	9	20	48	25	17	30	9	6	27	24	19	32	11	28	0	6	12	6	3	9	20	25	18	17	44	23	10	34	11	7	22	0	10	7	29	12	38	9	7	24	8	0	2	1	4	13	34	28	20	0	13	8	18	10	23	22	14	4	14	15	11	38	16	10	16	17	17	19	6	25	13	36	8	11	12	13	8	18	15	12	18	21	16	15	17	28	6	17	12	26	12	7	22	6	34	10	8	6	12	0	4	8	15	20	81	14	36	73	12	62	14	30	12	14	52	12	5	24	15	14	31	12	49	24	93	8	18	16	9	58	13	19	10	48	6	18	13	122	28	110	10	13	18	3	61	9	8	13	12	5	14	14	8	24	22	14	63	25	10	39	14	13	18	14	10	23	38	9	15	30	9	14	13	6	10	16	10	16	15	16	81	24	56
G[T>C]G	14	10	8	32	12	17	14	24	46	6	10	6	46	64	30	51	13	8	38	35	32	20	28	50	41	8	17	11	20	33	18	12	16	12	12	14	25	29	52	26	29	23	20	26	20	72	59	34	46	17	18	28	21	24	30	24	33	28	41	29	82	30	18	67	0	19	60	12	67	16	16	16	10	13	13	26	21	22	25	76	0	24	34	21	16	41	6	0	17	40	17	0	28	14	10	21	0	3	3	4	17	61	36	53	105	4	12	36	16	13	25	12	13	11	30	43	43	36	18	29	23	23	40	18	24	20	51	16	22	23	18	21	36	20	27	36	35	17	38	20	28	16	16	25	22	13	10	24	13	40	56	11	12	13	1	3	4	24	37	98	29	47	86	22	49	30	22	16	19	62	18	12	30	23	18	34	20	65	26	84	10	21	28	25	70	12	28	22	76	7	17	38	120	30	116	19	24	18	22	63	15	23	26	16	22	30	17	22	15	22	38	64	16	24	35	23	19	26	13	22	20	51	18	20	56	16	26	11	19	21	26	31	21	11	16	128	25	57
G[T>C]T	22	27	26	45	18	26	34	30	63	10	11	25	40	60	36	56	4	26	48	40	29	41	48	56	34	38	10	18	46	31	42	0	36	17	39	17	47	37	54	32	35	55	18	39	32	99	42	29	72	20	23	28	25	38	39	58	38	42	51	46	108	24	28	27	16	40	70	37	69	24	16	52	12	14	16	32	37	35	32	60	0	16	51	21	16	41	18	30	13	12	30	19	29	19	17	18	2	5	3	4	37	59	40	35	70	17	21	36	23	30	51	29	22	42	37	43	51	28	14	25	30	19	45	6	35	34	51	28	24	23	27	25	34	30	29	36	29	21	42	19	32	21	28	25	21	25	16	26	21	40	77	23	16	21	1	11	11	36	46	90	34	36	60	26	42	30	18	34	22	50	22	24	38	22	31	23	31	60	39	99	22	16	43	35	68	29	38	33	60	17	36	29	111	38	105	32	26	25	32	70	24	24	20	26	22	34	33	26	28	36	23	84	35	30	29	20	19	30	20	20	40	56	32	22	50	20	34	31	17	26	28	33	28	29	34	88	38	64
T[T>C]A	13	34	18	52	21	39	19	28	108	6	10	23	36	90	28	74	13	16	82	36	59	32	64	45	52	18	18	25	45	48	94	29	35	28	124	61	66	77	284	27	37	44	70	68	56	316	64	64	467	22	43	41	27	52	58	24	51	125	51	46	134	20	44	80	24	25	84	25	107	32	22	27	8	8	24	42	107	16	39	169	23	38	118	25	15	73	6	10	14	28	16	19	38	7	24	30	6	4	2	11	27	81	62	36	141	28	16	70	32	18	58	17	19	46	71	125	218	20	25	80	14	43	85	99	52	43	240	22	25	43	20	33	40	21	24	55	38	30	55	22	74	21	19	24	82	10	23	34	16	69	136	15	17	31	4	7	6	36	41	198	24	53	170	24	110	18	56	24	25	136	13	23	52	24	18	46	22	148	31	200	14	12	31	18	154	34	30	52	146	28	20	28	276	30	226	23	26	30	22	106	13	12	33	20	20	55	21	32	47	26	33	206	23	32	78	19	30	41	15	26	24	114	24	18	76	13	41	30	24	28	26	27	33	36	24	242	26	150
T[T>C]C	8	2	14	43	10	19	20	11	34	6	8	15	26	48	21	42	8	12	25	26	26	24	30	26	26	10	10	11	22	24	40	6	9	3	37	12	20	21	44	30	19	30	13	19	15	72	20	21	62	12	19	17	16	10	20	21	37	35	15	25	82	25	28	53	0	22	34	15	50	0	11	34	8	8	16	17	27	19	14	48	12	22	34	11	7	35	6	13	12	12	10	19	18	10	24	19	3	4	3	3	18	42	22	26	88	21	10	16	12	16	36	13	7	32	21	16	38	28	14	35	9	5	20	32	25	18	49	24	15	17	10	18	16	16	15	24	16	14	25	14	28	14	14	4	40	10	15	16	11	17	46	9	6	19	4	3	5	17	20	124	23	20	79	18	78	16	18	12	14	50	11	12	27	13	10	25	12	85	22	124	10	10	14	16	96	11	22	15	76	10	18	19	154	26	148	16	10	12	19	64	6	10	11	14	12	16	20	7	22	16	14	100	14	14	45	10	14	13	9	16	17	66	20	4	56	10	26	12	12	10	18	14	17	21	17	150	10	80
T[T>C]G	14	12	19	34	9	32	20	18	48	4	6	12	28	56	26	36	17	10	42	20	26	21	32	26	29	5	17	22	16	33	46	29	10	16	42	48	30	29	76	28	21	35	41	34	30	106	36	32	150	20	22	34	16	21	32	12	22	56	41	46	83	14	29	13	16	18	26	22	47	24	6	37	10	10	12	22	38	27	20	56	12	43	84	21	20	37	12	0	16	18	13	0	16	14	15	22	0	2	3	5	16	55	28	24	88	11	20	28	14	14	28	13	7	22	24	62	104	20	22	38	12	7	27	31	24	44	60	15	18	23	14	29	24	14	17	41	16	27	28	15	40	16	10	22	32	14	12	19	10	40	41	14	12	20	0	5	11	22	34	97	31	49	64	13	71	13	40	13	16	43	11	22	34	14	22	34	11	72	19	99	10	10	13	23	64	20	16	26	88	19	16	26	140	20	114	20	28	20	19	42	3	18	26	16	18	22	16	22	25	17	33	88	15	32	27	14	20	27	4	15	12	50	14	24	34	16	15	12	13	23	12	24	14	15	14	120	21	60
T[T>C]T	21	31	20	48	28	40	30	37	71	16	11	19	36	80	37	78	13	18	46	27	46	42	34	49	46	31	29	14	32	38	68	17	28	26	51	34	35	47	83	31	50	39	32	41	40	150	51	48	150	48	31	44	27	31	37	36	52	103	51	46	116	41	23	80	24	29	60	28	110	32	6	49	15	12	21	38	49	32	34	120	35	43	84	25	18	47	12	16	24	40	26	38	44	13	43	51	0	6	5	7	37	91	36	22	53	13	16	38	22	42	41	21	32	40	41	53	59	28	38	86	25	32	37	40	43	42	67	19	29	40	24	29	41	28	33	53	41	42	42	29	40	29	41	16	34	27	31	20	35	46	88	14	16	23	6	11	12	39	54	168	30	44	102	24	88	26	34	27	25	62	26	21	58	20	33	44	30	92	32	206	18	21	44	39	128	36	28	42	92	22	32	38	218	38	206	28	26	20	29	89	24	18	31	24	30	52	22	29	36	30	38	142	30	42	57	28	27	42	16	19	38	90	44	27	70	22	30	27	15	36	22	40	32	41	42	200	38	118
A[T>G]A	10	7	1	16	10	18	8	12	44	2	6	6	12	41	15	33	8	2	20	16	10	15	20	7	14	7	4	8	12	14	31	0	6	0	40	24	20	16	119	9	12	21	16	24	13	150	14	25	245	9	10	17	6	19	27	30	19	56	20	25	50	4	6	27	16	8	22	15	54	0	11	22	6	0	5	9	37	8	7	48	23	16	17	6	2	26	12	3	4	6	5	0	16	5	6	19	3	1	1	0	11	43	10	20	18	3	5	36	4	16	21	7	4	8	18	20	63	4	4	29	7	7	27	34	12	11	68	6	6	10	9	7	10	10	18	22	6	12	17	9	37	10	7	10	17	8	4	6	9	6	44	5	6	11	1	1	2	7	9	30	11	18	20	11	23	10	4	8	4	18	6	6	8	14	7	9	8	26	9	18	6	8	10	6	17	8	8	5	14	10	9	6	8	8	31	8	12	9	4	18	4	4	9	7	4	14	8	8	13	7	6	16	9	8	25	11	10	14	4	6	8	12	6	2	8	8	16	8	6	8	6	11	10	7	11	19	7	19
A[T>G]C	2	5	6	23	4	18	2	3	36	2	4	6	2	49	4	34	4	4	35	3	7	8	18	6	11	5	2	4	10	12	42	0	8	11	10	0	6	8	26	4	13	10	9	7	5	50	5	13	41	3	7	9	5	10	19	4	21	50	5	12	100	4	10	27	8	21	36	6	53	0	6	27	6	3	6	6	13	5	8	56	0	14	34	4	4	16	12	0	3	0	2	0	0	4	21	8	0	0	0	3	5	37	0	3	18	2	4	21	2	6	12	2	2	16	7	4	12	4	2	16	2	6	31	0	7	7	29	3	5	14	3	6	6	5	13	20	9	4	13	7	11	8	3	4	10	3	4	10	1	0	44	4	4	8	0	0	0	8	9	34	2	7	11	6	6	10	7	2	1	11	4	7	9	4	8	7	2	29	8	9	2	0	6	7	12	5	4	10	12	4	6	3	4	8	10	5	8	3	6	24	6	6	15	4	4	4	3	1	6	8	5	20	5	8	12	3	3	8	2	7	5	5	4	5	14	3	18	6	10	6	1	10	10	5	4	13	6	10
A[T>G]G	4	0	4	24	6	20	6	6	57	3	7	8	10	44	11	17	4	10	18	10	16	10	34	13	22	4	6	4	10	18	46	0	7	3	24	24	12	18	68	13	14	21	11	11	12	106	16	17	107	14	22	18	11	12	25	26	30	50	15	21	74	6	12	27	16	10	26	12	66	8	11	32	4	0	6	13	30	11	2	96	0	28	17	4	8	28	0	3	10	17	8	19	20	5	12	11	2	2	1	1	11	53	16	18	53	12	10	21	6	7	26	6	12	14	15	15	62	12	4	22	10	7	31	18	12	15	69	8	10	19	10	5	19	9	17	20	6	14	28	8	19	12	9	10	19	5	3	8	6	0	74	3	4	10	0	3	1	7	11	58	10	11	26	7	3	10	13	8	8	22	12	5	17	13	14	13	11	22	6	24	10	7	8	6	22	7	4	11	14	7	11	6	14	11	12	1	8	10	3	30	6	6	13	10	7	10	7	6	18	5	5	24	9	10	25	8	10	16	2	12	10	14	6	7	8	10	16	4	6	14	3	7	10	12	20	28	14	30
A[T>G]T	6	27	18	58	6	50	20	18	96	4	8	6	18	96	14	60	4	1	60	10	24	14	54	12	36	6	10	8	6	50	58	0	16	6	37	15	15	18	80	5	28	47	16	19	18	172	12	28	109	14	22	26	11	67	64	16	61	142	25	46	181	12	32	107	8	24	86	20	158	8	16	44	4	7	9	13	45	8	22	140	12	21	84	9	10	47	12	6	7	18	6	38	43	16	21	27	3	3	2	6	13	129	18	12	123	7	12	44	12	30	41	18	6	42	11	16	37	20	10	51	9	15	60	30	18	15	70	16	14	21	14	10	22	12	39	52	10	14	26	11	39	18	21	16	40	9	12	24	11	11	126	3	6	16	0	4	6	13	11	118	13	38	28	15	42	8	24	14	16	17	7	8	30	16	16	24	12	57	10	70	6	14	15	9	34	8	23	10	46	6	10	7	25	16	32	8	14	12	7	40	16	4	26	10	7	31	13	8	11	12	8	38	13	9	20	8	16	24	8	14	14	28	7	9	28	11	38	12	15	10	7	18	20	13	14	30	6	72
C[T>G]A	5	10	1	18	2	13	2	6	28	2	1	6	9	26	6	22	0	4	14	8	9	6	16	5	9	5	2	11	10	8	31	0	3	0	20	2	14	10	93	11	11	5	13	9	8	76	4	12	166	0	8	10	6	7	17	8	14	16	0	4	46	6	0	27	0	5	12	8	24	0	6	22	3	2	6	1	21	7	5	32	0	5	34	2	2	12	0	0	2	6	4	0	0	11	3	11	0	1	1	1	7	21	19	6	18	6	4	16	6	7	11	4	2	8	10	36	63	8	5	16	3	7	2	12	8	6	45	2	7	7	7	6	8	8	12	16	8	5	17	7	14	8	3	5	15	4	3	7	3	17	18	1	3	3	1	1	1	6	5	22	6	9	13	7	13	6	4	3	7	3	3	6	6	8	5	4	8	18	8	10	2	2	4	0	22	4	6	4	7	1	0	1	8	4	16	2	4	2	7	22	4	2	9	4	3	15	6	2	8	6	4	15	5	8	4	5	9	4	4	8	8	12	3	2	2	10	10	7	7	7	5	7	10	4	6	13	4	18
C[T>G]C	5	7	7	22	5	17	9	8	30	0	2	4	10	32	9	16	4	4	27	6	17	11	34	6	10	4	7	4	8	5	18	6	7	6	16	7	8	17	50	8	15	11	11	11	8	76	8	11	62	8	9	9	6	12	21	4	15	56	10	17	68	2	22	53	0	6	30	9	50	16	16	28	2	0	12	9	13	11	16	32	0	5	84	4	2	6	0	4	6	6	7	0	16	8	12	26	2	0	2	0	6	38	22	8	18	4	6	20	10	9	21	3	1	22	7	9	20	4	3	19	7	4	20	0	10	10	35	3	7	11	6	8	13	12	8	24	6	6	11	9	19	6	3	2	12	5	4	6	6	0	26	0	2	7	0	1	1	6	4	30	5	9	15	6	13	4	10	6	3	6	4	11	9	7	6	15	4	27	9	14	4	5	10	1	12	5	8	12	16	4	6	7	12	18	14	6	4	4	12	16	2	7	7	6	6	14	6	2	11	6	10	15	8	10	20	6	4	8	2	5	8	10	2	5	12	6	16	4	6	4	6	17	7	7	7	30	8	23
C[T>G]G	6	7	8	23	6	7	11	10	23	2	4	17	10	33	10	22	4	16	18	6	26	8	22	12	16	4	5	8	18	24	19	23	6	6	40	14	19	13	112	12	19	23	4	28	13	145	15	18	195	10	12	19	9	10	23	9	18	59	10	29	40	4	12	27	16	6	7	12	26	8	6	18	6	6	10	12	38	8	17	52	12	2	51	8	8	10	0	4	7	23	4	0	14	8	17	18	2	2	0	1	16	33	18	14	53	1	4	32	2	8	22	11	6	8	18	49	53	4	10	48	15	9	33	20	9	19	73	10	11	11	10	9	13	16	13	24	14	15	25	10	16	6	10	5	8	6	9	10	3	0	54	5	6	10	4	2	5	8	11	40	14	22	9	8	3	10	8	6	4	10	6	11	16	16	9	12	8	33	10	26	6	4	14	4	27	6	6	4	17	2	12	16	20	14	26	3	11	6	4	21	6	7	20	8	8	12	14	6	20	14	4	23	16	10	22	6	4	8	6	7	9	15	8	4	18	4	11	6	2	10	4	8	17	9	12	29	14	29
C[T>G]T	16	31	12	14	5	35	12	10	76	4	12	23	17	79	16	58	30	9	48	14	32	20	40	18	20	6	7	10	11	35	50	6	12	8	24	8	18	17	62	15	24	41	11	20	10	112	24	28	92	16	25	32	9	24	45	26	38	75	15	21	104	26	12	67	8	11	66	15	90	16	11	32	6	2	16	15	37	15	13	92	23	21	135	21	10	30	0	16	11	17	8	0	22	13	27	33	2	4	1	3	15	86	23	21	141	13	15	46	11	23	38	1	5	28	14	12	42	20	13	35	11	10	51	28	22	11	52	19	15	22	13	12	22	12	24	38	15	14	30	10	49	12	12	12	33	13	16	25	4	17	59	10	6	19	0	4	9	17	9	78	13	36	34	8	36	14	32	12	10	17	11	11	18	8	10	26	14	48	28	38	7	6	14	7	34	13	10	10	36	6	14	9	32	20	36	14	17	10	9	44	8	6	42	16	10	40	22	14	8	14	8	34	12	15	35	6	13	22	6	16	18	29	14	4	12	10	14	8	10	20	10	24	26	19	16	26	17	41
G[T>G]A	5	2	1	14	2	10	2	6	10	0	4	8	2	16	10	8	4	4	18	2	8	10	14	0	6	4	2	4	2	8	13	6	2	3	3	3	11	4	38	5	4	12	13	6	4	50	13	5	76	4	3	3	3	0	9	4	11	21	5	0	25	0	6	0	0	3	10	5	11	8	6	5	2	3	4	5	18	5	1	24	0	0	17	8	3	12	0	3	0	0	2	0	0	5	9	4	0	0	0	1	5	10	4	3	18	10	0	14	8	4	4	3	1	4	9	12	41	4	2	13	4	2	17	6	7	2	24	5	3	4	4	3	6	3	6	8	2	4	6	2	5	8	3	1	8	3	1	4	7	0	28	3	2	4	0	0	1	8	9	10	7	2	6	6	3	5	10	2	5	6	3	1	7	5	4	6	2	7	6	9	3	4	4	1	4	4	3	3	6	1	7	3	6	4	6	5	8	6	3	12	2	3	4	6	2	10	2	2	8	2	5	9	4	7	6	4	3	3	4	6	4	9	3	2	3	3	10	4	4	3	3	1	0	3	6	4	4	10
G[T>G]C	4	5	1	9	0	12	0	4	10	3	2	6	5	14	6	12	0	3	15	4	4	2	7	2	10	0	3	8	2	4	4	6	2	0	12	2	5	6	9	4	4	4	4	6	5	20	3	10	11	11	2	6	2	0	7	0	5	12	10	4	14	8	16	27	8	3	18	7	15	0	0	7	0	2	2	6	8	3	6	12	0	2	17	4	1	2	0	0	0	6	2	0	7	2	3	11	0	0	0	1	5	11	0	6	0	3	2	9	2	4	11	4	0	0	2	1	2	4	2	0	1	4	5	0	6	5	16	3	2	6	0	2	3	4	2	4	1	7	11	4	12	2	3	8	10	2	2	9	1	0	0	0	2	1	0	0	1	1	5	10	4	4	6	0	6	2	1	4	3	9	2	1	8	4	1	6	6	10	4	10	2	4	4	6	2	1	1	1	6	2	8	3	6	4	5	2	1	2	3	0	2	1	9	2	1	8	2	2	1	6	2	0	1	6	6	3	1	6	1	2	4	4	4	0	2	2	4	0	4	2	2	3	6	7	6	6	5	4
G[T>G]G	6	2	2	9	2	7	8	11	24	2	1	8	8	20	8	19	4	10	12	10	11	18	14	7	20	9	5	4	10	11	13	6	2	11	17	10	7	5	20	9	12	9	7	10	9	46	22	9	61	3	6	7	10	10	19	8	9	24	5	25	37	2	10	0	8	8	32	11	32	8	6	10	2	4	4	4	22	12	8	20	0	8	0	2	12	24	0	13	11	6	10	0	14	3	3	25	0	2	1	1	7	23	12	18	18	8	6	4	2	10	4	4	10	24	14	16	23	20	3	19	9	10	4	12	11	4	27	8	8	10	6	6	14	8	8	18	7	8	15	4	18	4	5	7	12	10	4	8	1	0	30	7	3	6	0	2	0	9	9	24	10	7	24	6	10	10	14	6	7	6	7	12	8	11	3	8	10	18	6	24	1	10	18	10	15	7	7	3	18	2	8	1	14	11	12	2	8	8	7	22	6	2	13	12	8	11	12	10	11	6	7	16	12	2	16	8	9	10	2	13	7	10	3	13	14	2	11	4	6	8	3	13	10	8	13	11	4	18
G[T>G]T	6	5	4	10	6	16	3	8	16	4	2	8	6	37	8	17	0	9	24	12	11	9	16	9	13	2	2	8	10	11	24	6	7	2	5	2	8	7	10	7	10	12	13	9	4	46	6	7	29	17	6	5	4	5	24	0	18	42	5	8	36	12	6	53	0	19	22	8	50	0	6	12	2	2	3	13	16	11	4	64	0	6	0	9	4	18	12	10	2	6	7	0	29	8	3	18	0	1	0	0	6	34	6	3	70	10	4	15	2	5	8	1	1	14	7	9	2	4	6	16	6	6	22	0	5	7	18	4	5	10	4	8	4	7	7	16	7	8	13	8	9	10	5	2	8	10	5	7	4	6	42	5	0	7	0	3	5	8	7	21	7	9	11	4	10	9	11	12	5	16	7	7	6	11	5	8	7	15	9	18	4	2	8	7	15	1	7	8	10	7	10	4	10	6	12	10	10	8	3	17	2	1	15	5	2	5	8	6	4	14	4	8	4	12	8	6	9	6	4	13	12	9	8	5	8	2	11	4	4	8	6	10	8	8	12	9	4	8
T[T>G]A	9	7	8	20	5	22	6	16	37	2	5	4	20	52	10	34	0	6	21	12	36	9	26	9	19	2	7	0	11	19	58	0	10	0	38	17	16	17	118	13	18	33	16	22	8	148	29	22	189	10	10	20	11	14	35	8	31	30	10	29	83	8	16	53	16	17	81	13	77	40	11	18	4	2	9	15	40	12	15	80	23	8	68	8	7	30	0	6	2	18	10	0	22	8	15	11	0	0	2	4	13	56	9	14	70	7	4	28	4	14	21	9	4	18	15	24	93	4	2	48	24	4	25	28	18	10	86	6	8	17	8	11	10	9	17	24	14	4	17	9	25	14	7	18	24	7	3	14	9	11	69	3	6	18	1	4	10	12	7	52	12	11	9	7	6	9	18	11	4	8	10	5	14	11	7	15	8	43	14	31	2	2	12	7	23	13	8	10	23	7	8	9	22	11	18	10	8	10	3	28	10	3	7	8	3	24	8	3	12	10	5	20	14	8	10	6	10	12	6	12	11	14	10	4	8	5	16	6	8	10	7	14	15	9	10	30	11	36
T[T>G]C	2	2	10	16	2	20	8	8	36	2	1	8	4	32	7	30	8	7	21	4	16	4	22	5	13	4	7	10	2	12	32	0	7	3	10	7	5	9	46	6	15	19	11	8	12	73	4	7	36	6	9	15	4	10	29	4	36	87	15	25	90	8	22	13	0	11	38	6	58	0	11	24	0	1	6	8	19	4	19	60	0	5	0	6	1	22	0	3	4	12	2	0	23	5	3	11	2	2	1	1	9	50	3	3	88	7	4	10	2	10	20	3	5	10	2	5	18	12	3	13	3	7	31	3	7	2	21	7	6	14	2	5	6	2	16	28	6	4	15	3	5	2	2	5	14	4	4	6	7	17	22	4	2	10	1	1	5	6	5	40	2	13	11	4	10	4	26	7	5	4	5	8	4	2	6	7	6	31	9	18	4	0	10	6	14	6	6	5	16	4	5	1	8	8	14	2	5	6	1	18	2	3	9	6	6	14	4	2	9	6	4	16	4	4	4	2	6	8	4	6	6	11	6	4	5	6	10	2	6	6	4	16	12	3	8	15	2	22
T[T>G]G	6	12	8	21	5	27	9	10	46	2	4	8	8	50	14	24	0	10	35	10	10	13	28	14	18	9	8	8	10	19	32	17	6	12	52	24	21	25	112	14	23	21	16	23	20	152	33	19	176	10	11	18	11	21	24	9	28	33	10	8	80	2	16	40	8	8	36	21	48	0	6	24	6	4	10	9	18	20	13	48	23	19	34	11	7	47	6	3	2	29	4	19	23	9	6	18	0	1	1	2	6	55	3	18	70	9	8	26	9	13	24	11	11	14	16	23	70	0	2	54	18	11	29	8	16	5	51	6	12	17	6	11	10	12	15	28	13	11	23	10	30	10	10	7	30	7	11	14	10	23	84	5	4	15	6	4	4	8	11	50	11	13	4	5	13	6	18	10	14	9	13	6	15	8	5	18	12	18	14	40	8	6	12	9	21	11	10	12	26	6	7	6	26	10	18	4	12	4	6	24	10	6	18	16	7	16	10	10	10	10	7	20	10	8	22	7	9	12	6	23	10	15	8	7	8	4	18	6	6	12	10	10	12	9	12	22	12	37
T[T>G]T	16	41	12	88	13	64	19	21	118	12	10	29	18	148	22	102	25	18	109	20	34	22	67	16	49	12	14	22	40	52	134	23	18	20	67	14	29	29	134	22	44	76	36	34	34	241	32	40	197	25	31	41	20	40	100	29	103	162	51	71	232	34	38	227	0	28	110	35	202	24	48	70	15	12	22	33	88	28	31	173	58	18	101	25	18	75	12	13	13	12	20	0	32	16	24	18	2	4	6	6	30	159	22	24	158	19	17	102	14	15	80	9	5	50	19	26	50	20	20	89	24	22	95	11	31	16	100	18	21	41	14	17	28	20	48	78	16	29	32	26	91	29	26	13	72	22	15	37	24	29	155	9	10	35	7	5	11	28	29	148	18	40	30	20	49	24	43	20	15	29	22	21	30	28	22	28	20	81	29	40	16	19	16	12	40	19	24	20	60	10	29	12	36	28	48	22	30	25	4	58	12	10	61	22	14	51	22	10	26	25	22	63	14	27	51	15	22	24	14	22	12	42	23	9	39	14	52	14	19	20	15	28	37	19	20	61	17	77
